object={
	name="tree_mangrove_generator_2_0"
	render_pass=Map
	clamp_to_water_level=no
	generated_content=yes
	layer="tree_high_layer"
	pdxmesh="tree_mangrove_01_b_mesh"
	count=553
	transform="3949.876221 0.000000 1219.282104 0.000000 0.976653 0.000000 0.214823 0.395135 0.395135 0.395135
3950.897461 0.000000 1226.820312 0.000000 0.958428 0.000000 0.285335 0.383818 0.383818 0.383818
3951.689209 0.000000 1229.547485 0.000000 0.844919 0.000000 -0.534895 0.432971 0.432971 0.432971
3942.416260 0.000000 1258.435425 0.000000 0.963790 0.000000 -0.266661 0.406604 0.406604 0.406604
2665.400146 0.000000 2107.084717 0.000000 0.111169 0.000000 0.993801 0.396357 0.396357 0.396357
2732.635498 0.000000 2052.305664 0.000000 0.317772 0.000000 0.948167 0.383183 0.383183 0.383183
2700.042969 0.000000 2106.609131 0.000000 0.073591 0.000000 0.997288 0.379069 0.379069 0.379069
2688.359131 0.000000 2096.329346 0.000000 0.411035 0.000000 -0.911620 0.418903 0.418903 0.418903
2733.754395 0.000000 2055.790527 0.000000 0.856750 0.000000 0.515732 0.388637 0.388637 0.388637
2729.695312 0.000000 2071.013672 0.000000 0.943197 0.000000 0.332234 0.389685 0.389685 0.389685
2685.784668 0.000000 2094.003418 0.000000 0.215246 0.000000 0.976560 0.352681 0.352681 0.352681
2688.810303 0.000000 2092.717773 0.000000 0.892681 0.000000 0.450689 0.353778 0.353778 0.353778
2709.496826 0.000000 2102.161621 0.000000 0.819392 0.000000 0.573234 0.375921 0.375921 0.375921
2717.858643 0.000000 2091.527100 0.000000 0.941498 0.000000 0.337019 0.366359 0.366359 0.366359
2700.930664 0.000000 2078.502197 0.000000 0.551411 0.000000 -0.834233 0.440893 0.440893 0.440893
2727.463867 0.000000 2099.566162 0.000000 0.998207 0.000000 0.059862 0.397727 0.397727 0.397727
2696.857422 0.000000 2096.140869 0.000000 0.930807 0.000000 -0.365511 0.414012 0.414012 0.414012
2700.260254 0.000000 2099.428711 0.000000 0.886568 0.000000 0.462599 0.375026 0.375026 0.375026
2723.568115 0.000000 2090.899658 0.000000 0.762484 0.000000 -0.647007 0.459025 0.459025 0.459025
2683.426514 0.000000 2092.828369 0.000000 0.962399 0.000000 0.271638 0.389973 0.389973 0.389973
2718.062012 0.000000 2096.929199 0.000000 0.550178 0.000000 -0.835047 0.489310 0.489310 0.489310
2718.754395 0.000000 2074.997070 0.000000 0.900332 0.000000 0.435203 0.359757 0.359757 0.359757
2702.723633 0.000000 2095.209717 0.000000 0.310875 0.000000 0.950451 0.311667 0.311667 0.311667
2709.793945 0.000000 2095.516113 0.000000 0.278331 0.000000 -0.960485 0.508105 0.508105 0.508105
2727.030273 0.000000 2090.679688 0.000000 0.816655 0.000000 -0.577127 0.446077 0.446077 0.446077
2731.514404 0.000000 2082.275879 0.000000 0.985159 0.000000 0.171645 0.386305 0.386305 0.386305
2732.124268 0.000000 2091.957275 0.000000 0.874117 0.000000 -0.485715 0.430895 0.430895 0.430895
2684.190186 0.000000 2110.488037 0.000000 0.947964 0.000000 -0.318379 0.420385 0.420385 0.420385
2721.936523 0.000000 2073.037109 0.000000 0.192168 0.000000 -0.981362 0.505228 0.505228 0.505228
2730.623535 0.000000 2079.684326 0.000000 0.512306 0.000000 0.858803 0.345330 0.345330 0.345330
2705.072998 0.000000 2096.077637 0.000000 0.078487 0.000000 -0.996915 0.504312 0.504312 0.504312
2726.335205 0.000000 2094.982910 0.000000 0.009103 0.000000 -0.999959 0.492792 0.492792 0.492792
2682.735596 0.000000 2087.349854 0.000000 0.129612 0.000000 0.991565 0.325900 0.325900 0.325900
2727.822021 0.000000 2093.406982 0.000000 0.961701 0.000000 0.274099 0.380868 0.380868 0.380868
2689.921631 0.000000 2094.646240 0.000000 0.081849 0.000000 0.996645 0.318226 0.318226 0.318226
2702.326660 0.000000 2099.925049 0.000000 0.563351 0.000000 0.826217 0.333971 0.333971 0.333971
2716.615723 0.000000 2075.707764 0.000000 0.506273 0.000000 -0.862373 0.464387 0.464387 0.464387
2730.698242 0.000000 2093.758301 0.000000 0.809226 0.000000 -0.587497 0.438253 0.438253 0.438253
2860.656982 0.000000 2009.039673 0.000000 0.644601 0.000000 0.764519 0.293102 0.293102 0.293102
2850.404053 0.000000 2006.802002 0.000000 0.933456 0.000000 -0.358692 0.404030 0.404030 0.404030
2861.561035 0.000000 2003.530273 0.000000 0.791628 0.000000 -0.611003 0.406892 0.406892 0.406892
2862.937256 0.000000 2006.645142 0.000000 0.123562 0.000000 -0.992337 0.446960 0.446960 0.446960
2872.909424 0.000000 1993.114990 0.000000 0.060570 0.000000 0.998164 0.337414 0.337414 0.337414
2853.797363 0.000000 2008.587891 0.000000 0.698008 0.000000 0.716089 0.354566 0.354566 0.354566
2863.203857 0.000000 2009.355225 0.000000 0.993863 0.000000 0.110617 0.392971 0.392971 0.392971
2855.795410 0.000000 2005.560181 0.000000 0.099123 0.000000 0.995075 0.327261 0.327261 0.327261
2870.319580 0.000000 1998.998535 0.000000 0.364980 0.000000 0.931016 0.319899 0.319899 0.319899
2860.687500 0.000000 2012.003418 0.000000 0.931535 0.000000 -0.363650 0.427318 0.427318 0.427318
2871.963135 0.000000 1988.230957 0.000000 0.895988 0.000000 0.444078 0.369672 0.369672 0.369672
2762.442383 0.000000 2039.185791 0.000000 0.353855 0.000000 0.935300 0.396378 0.396378 0.396378
2785.287842 0.000000 2028.672485 0.000000 0.537606 0.000000 -0.843196 0.404508 0.404508 0.404508
2758.443115 0.000000 2060.062500 0.000000 0.342262 0.000000 -0.939605 0.406099 0.406099 0.406099
2758.504639 0.000000 2044.408203 0.000000 0.481825 0.000000 0.876267 0.392001 0.392001 0.392001
2781.395264 0.000000 2080.818604 0.000000 0.803436 0.000000 -0.595391 0.405732 0.405732 0.405732
2784.600830 0.000000 2048.166016 0.000000 0.944110 0.000000 -0.329631 0.439583 0.439583 0.439583
2776.434326 0.000000 2084.265869 0.000000 0.546807 0.000000 0.837259 0.390587 0.390587 0.390587
2752.288574 0.000000 2082.412842 0.000000 0.134664 0.000000 0.990891 0.240855 0.240855 0.240855
2795.621582 0.000000 2080.576660 0.000000 0.676357 0.000000 -0.736574 0.411162 0.411162 0.411162
2739.791992 0.000000 2058.459717 0.000000 0.962066 0.000000 0.272815 0.368129 0.368129 0.368129
2770.835449 0.000000 2087.926270 0.000000 0.942622 0.000000 0.333862 0.393541 0.393541 0.393541
2801.133057 0.000000 2053.552246 0.000000 0.674483 0.000000 0.738290 0.382168 0.382168 0.382168
2797.655029 0.000000 2024.359863 0.000000 0.932387 0.000000 0.361463 0.388736 0.388736 0.388736
2795.490723 0.000000 2035.094482 0.000000 0.995801 0.000000 0.091543 0.390342 0.390342 0.390342
2761.409424 0.000000 2046.380737 0.000000 0.956285 0.000000 0.292435 0.393036 0.393036 0.393036
2778.082031 0.000000 2081.190674 0.000000 0.743528 0.000000 -0.668705 0.425601 0.425601 0.425601
2799.806641 0.000000 2033.199707 0.000000 1.000000 0.000000 -0.000691 0.400069 0.400069 0.400069
2770.076660 0.000000 2069.124023 0.000000 0.187136 0.000000 0.982334 0.258484 0.258484 0.258484
2767.680908 0.000000 2046.678345 0.000000 0.895124 0.000000 -0.445817 0.441992 0.441992 0.441992
2798.785645 0.000000 2079.717041 0.000000 0.453619 0.000000 0.891196 0.352766 0.352766 0.352766
2760.052734 0.000000 2062.439941 0.000000 0.797522 0.000000 -0.603290 0.428133 0.428133 0.428133
2773.660645 0.000000 2059.761719 0.000000 0.520122 0.000000 0.854092 0.308496 0.308496 0.308496
2763.973633 0.000000 2062.344482 0.000000 0.914106 0.000000 -0.405474 0.437731 0.437731 0.437731
2762.230713 0.000000 2067.184326 0.000000 0.647778 0.000000 0.761829 0.357618 0.357618 0.357618
2789.502686 0.000000 2036.636963 0.000000 0.608993 0.000000 -0.793176 0.480040 0.480040 0.480040
2803.532959 0.000000 2029.665283 0.000000 0.999992 0.000000 -0.004003 0.400352 0.400352 0.400352
2762.278564 0.000000 2048.879395 0.000000 0.902300 0.000000 -0.431108 0.421365 0.421365 0.421365
2736.292236 0.000000 2093.288818 0.000000 0.996806 0.000000 -0.079862 0.403513 0.403513 0.403513
2767.698975 0.000000 2068.142822 0.000000 0.793079 0.000000 0.609119 0.350947 0.350947 0.350947
2795.369385 0.000000 2055.506836 0.000000 0.895525 0.000000 -0.445012 0.422106 0.422106 0.422106
2781.512207 0.000000 2041.656616 0.000000 0.945952 0.000000 0.324307 0.375758 0.375758 0.375758
2796.730713 0.000000 2057.870361 0.000000 0.995627 0.000000 -0.093415 0.404017 0.404017 0.404017
2791.616211 0.000000 2069.096680 0.000000 0.432948 0.000000 -0.901419 0.447663 0.447663 0.447663
2741.729492 0.000000 2056.650635 0.000000 0.239335 0.000000 -0.970937 0.476982 0.476982 0.476982
2800.953125 0.000000 2067.480469 0.000000 0.116647 0.000000 -0.993173 0.501631 0.501631 0.501631
2774.614258 0.000000 2051.657471 0.000000 0.895594 0.000000 -0.444873 0.435451 0.435451 0.435451
2783.840332 0.000000 2045.508179 0.000000 0.603759 0.000000 -0.797167 0.452515 0.452515 0.452515
2786.898682 0.000000 2062.859619 0.000000 0.983786 0.000000 -0.179348 0.413596 0.413596 0.413596
2783.248535 0.000000 2065.310059 0.000000 0.504498 0.000000 -0.863413 0.484805 0.484805 0.484805
2779.972900 0.000000 2037.550415 0.000000 0.840577 0.000000 0.541692 0.372560 0.372560 0.372560
2798.337646 0.000000 2063.237305 0.000000 0.918221 0.000000 0.396068 0.371533 0.371533 0.371533
2804.822266 0.000000 2034.476929 0.000000 0.424593 0.000000 0.905384 0.323111 0.323111 0.323111
2793.568115 0.000000 2067.735352 0.000000 0.506082 0.000000 -0.862486 0.446223 0.446223 0.446223
2806.807617 0.000000 2053.416260 0.000000 0.513794 0.000000 -0.857914 0.447884 0.447884 0.447884
2768.069580 0.000000 2054.713135 0.000000 0.887391 0.000000 -0.461019 0.427513 0.427513 0.427513
2792.839111 0.000000 2055.753906 0.000000 0.910854 0.000000 0.412728 0.367923 0.367923 0.367923
2777.170166 0.000000 2063.757324 0.000000 0.069572 0.000000 0.997577 0.284570 0.284570 0.284570
2775.571777 0.000000 2044.427734 0.000000 0.025213 0.000000 0.999682 0.303535 0.303535 0.303535
2788.235352 0.000000 2066.509033 0.000000 0.976473 0.000000 0.215638 0.386760 0.386760 0.386760
2806.126221 0.000000 2022.775635 0.000000 0.541998 0.000000 -0.840380 0.468766 0.468766 0.468766
2782.337158 0.000000 2047.625122 0.000000 0.927998 0.000000 0.372585 0.373311 0.373311 0.373311
2754.884277 0.000000 2072.070068 0.000000 0.101793 0.000000 0.994806 0.330327 0.330327 0.330327
2799.683838 0.000000 2076.124268 0.000000 0.199678 0.000000 0.979862 0.323399 0.323399 0.323399
2800.820312 0.000000 2051.228027 0.000000 0.159647 0.000000 0.987174 0.320419 0.320419 0.320419
2799.003174 0.000000 2061.061035 0.000000 0.713791 0.000000 0.700359 0.346149 0.346149 0.346149
2791.490234 0.000000 2033.494141 0.000000 0.550287 0.000000 0.834976 0.344743 0.344743 0.344743
2796.496338 0.000000 2070.339600 0.000000 0.999753 0.000000 -0.022228 0.401276 0.401276 0.401276
2804.275146 0.000000 2077.814453 0.000000 0.045481 0.000000 -0.998965 0.486822 0.486822 0.486822
2797.605957 0.000000 2074.883057 0.000000 0.859158 0.000000 -0.511711 0.430040 0.430040 0.430040
2805.038330 0.000000 2031.248657 0.000000 0.951978 0.000000 0.306167 0.377316 0.377316 0.377316
2773.218750 0.000000 2055.610352 0.000000 0.935080 0.000000 0.354437 0.376482 0.376482 0.376482
2771.109131 0.000000 2044.359863 0.000000 0.965889 0.000000 -0.258958 0.415172 0.415172 0.415172
2805.904541 0.000000 2067.379639 0.000000 0.515016 0.000000 -0.857181 0.471984 0.471984 0.471984
2799.146484 0.000000 2026.281006 0.000000 0.619539 0.000000 -0.784966 0.456788 0.456788 0.456788
2805.037109 0.000000 2074.263672 0.000000 0.702808 0.000000 -0.711379 0.451769 0.451769 0.451769
2781.008545 0.000000 2075.875488 0.000000 0.505240 0.000000 -0.862979 0.466541 0.466541 0.466541
2792.603271 0.000000 2030.274658 0.000000 0.970356 0.000000 -0.241682 0.415479 0.415479 0.415479
2873.696045 0.000000 2018.254272 0.000000 0.924326 0.000000 0.381605 0.351322 0.351322 0.351322
2858.662842 0.000000 2060.397217 0.000000 0.999618 0.000000 0.027625 0.396910 0.396910 0.396910
2818.806396 0.000000 2036.420776 0.000000 0.026298 0.000000 0.999654 0.222628 0.222628 0.222628
2830.435303 0.000000 2060.062500 0.000000 0.824224 0.000000 -0.566265 0.470633 0.470633 0.470633
2830.491211 0.000000 2026.804688 0.000000 0.747478 0.000000 -0.664286 0.405442 0.405442 0.405442
2834.050781 0.000000 2064.516846 0.000000 0.335913 0.000000 -0.941893 0.534918 0.534918 0.534918
2879.646240 0.000000 2068.666260 0.000000 0.754447 0.000000 0.656361 0.387488 0.387488 0.387488
2837.767090 0.000000 2040.437744 0.000000 0.872826 0.000000 0.488031 0.387781 0.387781 0.387781
2815.815674 0.000000 2039.773193 0.000000 0.655207 0.000000 -0.755449 0.487654 0.487654 0.487654
2857.564453 0.000000 2015.768188 0.000000 0.840164 0.000000 0.542333 0.382541 0.382541 0.382541
2848.802979 0.000000 2029.548706 0.000000 0.740524 0.000000 0.672030 0.378658 0.378658 0.378658
2873.679688 0.000000 2071.013672 0.000000 0.089791 0.000000 -0.995961 0.444365 0.444365 0.444365
2821.014404 0.000000 2082.261230 0.000000 0.999240 0.000000 0.038989 0.398910 0.398910 0.398910
2874.668945 0.000000 2043.162842 0.000000 0.145831 0.000000 -0.989310 0.439829 0.439829 0.439829
2858.233154 0.000000 2044.755859 0.000000 0.959898 0.000000 0.280348 0.372191 0.372191 0.372191
2831.369385 0.000000 2087.732178 0.000000 0.875687 0.000000 0.482880 0.385909 0.385909 0.385909
2836.267578 0.000000 2057.024902 0.000000 0.981506 0.000000 0.191432 0.381919 0.381919 0.381919
2822.860107 0.000000 2085.225098 0.000000 0.439484 0.000000 -0.898251 0.431199 0.431199 0.431199
2824.597656 0.000000 2079.400146 0.000000 0.979420 0.000000 0.201835 0.392389 0.392389 0.392389
2827.138184 0.000000 2080.986816 0.000000 0.904710 0.000000 -0.426027 0.416481 0.416481 0.416481
2839.673096 0.000000 2046.678345 0.000000 0.913147 0.000000 -0.407631 0.416562 0.416562 0.416562
2874.422852 0.000000 2065.221924 0.000000 0.472240 0.000000 0.881470 0.354746 0.354746 0.354746
2860.874023 0.000000 2018.875732 0.000000 0.887218 0.000000 -0.461351 0.417478 0.417478 0.417478
2811.364014 0.000000 2035.695068 0.000000 0.155279 0.000000 0.987871 0.339244 0.339244 0.339244
2868.143555 0.000000 2068.081787 0.000000 0.379560 0.000000 -0.925167 0.449553 0.449553 0.449553
2813.708008 0.000000 2031.938110 0.000000 0.942726 0.000000 -0.333569 0.415792 0.415792 0.415792
2863.354004 0.000000 2017.417236 0.000000 0.909036 0.000000 -0.416717 0.438846 0.438846 0.438846
2838.306396 0.000000 2073.264404 0.000000 0.745132 0.000000 -0.666917 0.459783 0.459783 0.459783
2863.072021 0.000000 2047.458496 0.000000 0.975752 0.000000 -0.218879 0.407382 0.407382 0.407382
2808.025635 0.000000 2033.734985 0.000000 0.264497 0.000000 0.964386 0.346646 0.346646 0.346646
2870.390869 0.000000 2035.545776 0.000000 0.289206 0.000000 -0.957267 0.453577 0.453577 0.453577
2809.809326 0.000000 2018.915405 0.000000 0.674527 0.000000 0.738250 0.370144 0.370144 0.370144
2810.404297 0.000000 2077.563721 0.000000 0.485506 0.000000 0.874233 0.355380 0.355380 0.355380
2876.368652 0.000000 2063.134277 0.000000 0.306957 0.000000 0.951724 0.347203 0.347203 0.347203
2836.464111 0.000000 2071.294922 0.000000 0.956911 0.000000 0.290380 0.375874 0.375874 0.375874
2816.754150 0.000000 2072.838623 0.000000 0.482051 0.000000 0.876143 0.314694 0.314694 0.314694
2878.537354 0.000000 2017.629883 0.000000 0.597152 0.000000 -0.802128 0.439971 0.439971 0.439971
2811.100342 0.000000 2026.236694 0.000000 0.246894 0.000000 0.969043 0.299718 0.299718 0.299718
2816.304443 0.000000 2037.085205 0.000000 0.251491 0.000000 -0.967860 0.517671 0.517671 0.517671
2868.722900 0.000000 2057.870361 0.000000 0.331197 0.000000 -0.943562 0.448645 0.448645 0.448645
2863.608398 0.000000 2069.096680 0.000000 0.018453 0.000000 -0.999830 0.471309 0.471309 0.471309
2813.721680 0.000000 2056.650635 0.000000 0.597518 0.000000 0.801855 0.346576 0.346576 0.346576
2840.659424 0.000000 2074.356201 0.000000 0.455638 0.000000 0.890165 0.312853 0.312853 0.312853
2816.186035 0.000000 2069.905273 0.000000 0.003800 0.000000 0.999993 0.269336 0.269336 0.269336
2812.920166 0.000000 2021.685547 0.000000 0.987363 0.000000 -0.158473 0.408105 0.408105 0.408105
2813.151611 0.000000 2060.742920 0.000000 0.308537 0.000000 0.951212 0.321537 0.321537 0.321537
2807.904785 0.000000 2051.810791 0.000000 0.998180 0.000000 0.060305 0.395240 0.395240 0.395240
2850.727783 0.000000 2031.111694 0.000000 0.938469 0.000000 0.345363 0.381337 0.381337 0.381337
2828.457520 0.000000 2068.037598 0.000000 0.989958 0.000000 0.141360 0.389023 0.389023 0.389023
2827.786377 0.000000 2029.489990 0.000000 0.699972 0.000000 0.714170 0.365049 0.365049 0.365049
2870.815918 0.000000 2044.103882 0.000000 0.831371 0.000000 0.555717 0.369403 0.369403 0.369403
2807.721191 0.000000 2074.262207 0.000000 0.250331 0.000000 -0.968160 0.475009 0.475009 0.475009
2831.878418 0.000000 2068.883789 0.000000 0.956488 0.000000 -0.291770 0.422619 0.422619 0.422619
2810.559814 0.000000 2021.226074 0.000000 0.328657 0.000000 0.944449 0.332119 0.332119 0.332119
2878.799805 0.000000 2053.416260 0.000000 0.361942 0.000000 0.932201 0.317883 0.317883 0.317883
2840.061768 0.000000 2054.713135 0.000000 0.783025 0.000000 -0.621990 0.439886 0.439886 0.439886
2875.678955 0.000000 2045.395264 0.000000 0.148889 0.000000 0.988854 0.294965 0.294965 0.294965
2864.831299 0.000000 2055.753906 0.000000 0.927809 0.000000 -0.373055 0.426342 0.426342 0.426342
2820.547119 0.000000 2026.948120 0.000000 0.179686 0.000000 0.983724 0.311849 0.311849 0.311849
2878.118408 0.000000 2022.775635 0.000000 0.990254 0.000000 0.139273 0.391000 0.391000 0.391000
2833.703613 0.000000 2072.221680 0.000000 0.505469 0.000000 0.862845 0.335035 0.335035 0.335035
2832.108887 0.000000 2038.813477 0.000000 0.973947 0.000000 0.226775 0.383894 0.383894 0.383894
2813.488281 0.000000 2024.126709 0.000000 0.036426 0.000000 -0.999336 0.521813 0.521813 0.521813
2826.876465 0.000000 2072.070068 0.000000 0.743788 0.000000 -0.668415 0.444229 0.444229 0.444229
2876.288574 0.000000 2018.345337 0.000000 0.115832 0.000000 0.993269 0.286690 0.286690 0.286690
2870.995361 0.000000 2061.061035 0.000000 0.956051 0.000000 -0.293200 0.415007 0.415007 0.415007
2821.573730 0.000000 2029.618042 0.000000 0.927518 0.000000 -0.373779 0.426205 0.426205 0.426205
2829.458496 0.000000 2072.617676 0.000000 0.679937 0.000000 0.733271 0.356435 0.356435 0.356435
2822.558838 0.000000 2056.594482 0.000000 0.747583 0.000000 -0.664168 0.454041 0.454041 0.454041
2817.129883 0.000000 2061.078125 0.000000 0.763018 0.000000 -0.646378 0.440357 0.440357 0.440357
2818.996582 0.000000 2073.109863 0.000000 0.716180 0.000000 0.697916 0.342144 0.342144 0.342144
2823.129150 0.000000 2074.946289 0.000000 0.259847 0.000000 -0.965650 0.475755 0.475755 0.475755
2814.408447 0.000000 2029.736694 0.000000 0.695398 0.000000 -0.718625 0.453648 0.453648 0.453648
2843.471191 0.000000 2033.754272 0.000000 0.600499 0.000000 -0.799625 0.449971 0.449971 0.449971
2866.738037 0.000000 2060.016357 0.000000 0.937269 0.000000 0.348607 0.380087 0.380087 0.380087
2809.795898 0.000000 2075.396484 0.000000 0.451562 0.000000 0.892240 0.338357 0.338357 0.338357
2818.223633 0.000000 2057.582275 0.000000 0.788116 0.000000 0.615527 0.361596 0.361596 0.361596
2848.711670 0.000000 2076.142090 0.000000 0.999996 0.000000 -0.002827 0.400185 0.400185 0.400185
2811.047119 0.000000 2065.166748 0.000000 0.977570 0.000000 0.210610 0.385167 0.385167 0.385167
2878.555176 0.000000 2027.066650 0.000000 0.510817 0.000000 -0.859690 0.470776 0.470776 0.470776
2809.001953 0.000000 2022.786255 0.000000 0.735698 0.000000 0.677310 0.347242 0.347242 0.347242
2812.090576 0.000000 2072.339600 0.000000 0.974407 0.000000 0.224791 0.387434 0.387434 0.387434
2831.502197 0.000000 2034.527588 0.000000 0.993732 0.000000 0.111792 0.392952 0.392952 0.392952
2835.120605 0.000000 2041.174072 0.000000 0.142589 0.000000 -0.989782 0.485545 0.485545 0.485545
2851.534424 0.000000 2046.509033 0.000000 0.526667 0.000000 -0.850072 0.462913 0.462913 0.462913
2820.509766 0.000000 2075.708496 0.000000 0.961502 0.000000 0.274797 0.384015 0.384015 0.384015
2821.012451 0.000000 2059.549072 0.000000 0.822903 0.000000 -0.568181 0.441337 0.441337 0.441337
2819.602783 0.000000 2052.716309 0.000000 0.897570 0.000000 0.440872 0.370592 0.370592 0.370592
2859.861572 0.000000 2039.552246 0.000000 0.990934 0.000000 -0.134353 0.408747 0.408747 0.408747
2818.514648 0.000000 2031.088623 0.000000 0.142492 0.000000 0.989796 0.310172 0.310172 0.310172
2817.144531 0.000000 2034.949707 0.000000 0.636853 0.000000 -0.770985 0.458904 0.458904 0.458904
2656.918701 0.000000 2141.754395 0.000000 0.887818 0.000000 0.460194 0.394508 0.394508 0.394508
2662.234863 0.000000 2116.300781 0.000000 0.482730 0.000000 -0.875769 0.416516 0.416516 0.416516
2651.506348 0.000000 2131.078857 0.000000 0.233990 0.000000 -0.972239 0.441316 0.441316 0.441316
2650.174561 0.000000 2133.692139 0.000000 0.989388 0.000000 -0.145297 0.404296 0.404296 0.404296
2659.548584 0.000000 2125.649902 0.000000 0.328482 0.000000 0.944510 0.303100 0.303100 0.303100
2654.333984 0.000000 2126.018066 0.000000 0.494115 0.000000 -0.869397 0.466309 0.466309 0.466309
2677.296875 0.000000 2127.963379 0.000000 0.431830 0.000000 0.901955 0.275939 0.275939 0.275939
2676.857666 0.000000 2150.396973 0.000000 0.269958 0.000000 0.962872 0.381861 0.381861 0.381861
2663.750000 0.000000 2116.633057 0.000000 0.180079 0.000000 0.983652 0.378489 0.378489 0.378489
2684.908203 0.000000 2147.456543 0.000000 0.317849 0.000000 -0.948141 0.433632 0.433632 0.433632
2696.348633 0.000000 2115.036133 0.000000 0.955998 0.000000 -0.293374 0.408326 0.408326 0.408326
2665.824951 0.000000 2114.899902 0.000000 0.718527 0.000000 0.695499 0.362749 0.362749 0.362749
2679.836914 0.000000 2126.582764 0.000000 0.999832 0.000000 -0.018326 0.401611 0.401611 0.401611
2674.254639 0.000000 2141.814941 0.000000 0.214111 0.000000 -0.976809 0.456832 0.456832 0.456832
2692.800781 0.000000 2130.340088 0.000000 0.497937 0.000000 -0.867213 0.448738 0.448738 0.448738
2682.861572 0.000000 2131.160889 0.000000 0.950856 0.000000 0.309634 0.376736 0.376736 0.376736
2687.321533 0.000000 2119.517822 0.000000 0.848276 0.000000 0.529555 0.372692 0.372692 0.372692
2682.793945 0.000000 2145.731201 0.000000 0.482627 0.000000 -0.875826 0.444758 0.444758 0.444758
2684.735840 0.000000 2115.635742 0.000000 0.062257 0.000000 -0.998060 0.518254 0.518254 0.518254
2678.756592 0.000000 2145.346436 0.000000 0.827065 0.000000 0.562106 0.374964 0.374964 0.374964
2680.809814 0.000000 2133.091553 0.000000 0.459631 0.000000 0.888110 0.323581 0.323581 0.323581
2683.802002 0.000000 2125.474365 0.000000 0.060637 0.000000 0.998160 0.274833 0.274833 0.274833
2681.251709 0.000000 2141.479248 0.000000 0.794575 0.000000 -0.607166 0.434860 0.434860 0.434860
2665.674316 0.000000 2139.544678 0.000000 0.343446 0.000000 -0.939173 0.471893 0.471893 0.471893
2690.842285 0.000000 2127.291016 0.000000 0.698422 0.000000 0.715686 0.346236 0.346236 0.346236
2688.124512 0.000000 2134.797852 0.000000 0.011409 0.000000 0.999935 0.312795 0.312795 0.312795
2676.514893 0.000000 2134.281250 0.000000 0.525618 0.000000 0.850721 0.338535 0.338535 0.338535
2674.865479 0.000000 2138.617920 0.000000 0.905432 0.000000 0.424491 0.376578 0.376578 0.376578
2685.316162 0.000000 2138.415039 0.000000 0.690321 0.000000 -0.723503 0.445234 0.445234 0.445234
2665.017578 0.000000 2118.770752 0.000000 0.012850 0.000000 0.999917 0.305097 0.305097 0.305097
2678.605957 0.000000 2140.770020 0.000000 0.580075 0.000000 -0.814563 0.450860 0.450860 0.450860
2684.923340 0.000000 2132.083496 0.000000 0.891531 0.000000 0.452959 0.367140 0.367140 0.367140
2685.666260 0.000000 2134.120117 0.000000 0.967644 0.000000 0.252319 0.383443 0.383443 0.383443
2688.290771 0.000000 2115.003906 0.000000 0.708512 0.000000 -0.705699 0.443810 0.443810 0.443810
2684.305176 0.000000 2135.860596 0.000000 0.120173 0.000000 0.992753 0.305859 0.305859 0.305859
2690.909912 0.000000 2129.366699 0.000000 0.714945 0.000000 -0.699180 0.449870 0.449870 0.449870
2673.475342 0.000000 2137.056641 0.000000 0.999062 0.000000 0.043297 0.397232 0.397232 0.397232
3190.310791 0.000000 1919.659546 0.000000 0.539666 0.000000 0.841879 0.279076 0.279076 0.279076
3205.194580 0.000000 1910.015991 0.000000 0.211739 0.000000 0.977326 0.243432 0.243432 0.243432
3214.583496 0.000000 1897.950439 0.000000 0.637578 0.000000 0.770386 0.375849 0.375849 0.375849
3209.995605 0.000000 1907.616089 0.000000 0.977311 0.000000 -0.211811 0.420354 0.420354 0.420354
3200.725586 0.000000 1897.652832 0.000000 0.929834 0.000000 0.367979 0.366696 0.366696 0.366696
3189.923096 0.000000 1905.473999 0.000000 0.107138 0.000000 -0.994244 0.486225 0.486225 0.486225
3205.323975 0.000000 1895.872192 0.000000 0.956744 0.000000 -0.290930 0.416508 0.416508 0.416508
3203.035156 0.000000 1916.880859 0.000000 0.988326 0.000000 0.152353 0.392363 0.392363 0.392363
3187.927734 0.000000 1909.476196 0.000000 0.681991 0.000000 -0.731360 0.440550 0.440550 0.440550
3193.866943 0.000000 1902.677368 0.000000 0.364638 0.000000 0.931149 0.332432 0.332432 0.332432
2913.821777 0.000000 1987.641113 0.000000 0.161185 0.000000 -0.986924 0.572353 0.572353 0.572353
2926.249512 0.000000 1990.767700 0.000000 0.421495 0.000000 0.906831 0.397732 0.397732 0.397732
2890.344238 0.000000 1984.276489 0.000000 0.375451 0.000000 0.926842 0.265585 0.265585 0.265585
2899.665771 0.000000 2000.360840 0.000000 0.990201 0.000000 -0.139649 0.415670 0.415670 0.415670
2922.396240 0.000000 2006.802002 0.000000 0.798750 0.000000 0.601663 0.394520 0.394520 0.394520
2939.605957 0.000000 1984.592163 0.000000 0.957585 0.000000 -0.288150 0.403795 0.403795 0.403795
2911.171387 0.000000 1974.662109 0.000000 0.893166 0.000000 -0.449727 0.406987 0.406987 0.406987
2901.989990 0.000000 2004.101318 0.000000 0.952860 0.000000 -0.303410 0.434478 0.434478 0.434478
2929.362305 0.000000 1982.563843 0.000000 0.693676 0.000000 0.720288 0.385143 0.385143 0.385143
2923.538574 0.000000 2000.882202 0.000000 0.333269 0.000000 -0.942832 0.421513 0.421513 0.421513
2922.066406 0.000000 1985.206177 0.000000 0.999962 0.000000 -0.008713 0.400879 0.400879 0.400879
2901.761230 0.000000 1998.019043 0.000000 0.080242 0.000000 -0.996775 0.548097 0.548097 0.548097
2897.418213 0.000000 2002.900269 0.000000 0.354312 0.000000 0.935127 0.282322 0.282322 0.282322
2905.877441 0.000000 1986.021973 0.000000 0.945537 0.000000 -0.325516 0.432613 0.432613 0.432613
2904.960938 0.000000 2005.566284 0.000000 0.304914 0.000000 -0.952380 0.523402 0.523402 0.523402
2950.769775 0.000000 1991.181274 0.000000 0.920813 0.000000 -0.390005 0.440008 0.440008 0.440008
2918.515869 0.000000 2014.490112 0.000000 0.787850 0.000000 0.615867 0.381448 0.381448 0.381448
2899.130371 0.000000 1985.002441 0.000000 0.874391 0.000000 -0.485221 0.446797 0.446797 0.446797
2906.278809 0.000000 2014.461670 0.000000 0.817127 0.000000 -0.576458 0.423928 0.423928 0.423928
2906.010742 0.000000 2009.749512 0.000000 0.443763 0.000000 0.896144 0.295710 0.295710 0.295710
2913.497559 0.000000 1980.741333 0.000000 0.702622 0.000000 0.711563 0.328053 0.328053 0.328053
2916.236816 0.000000 2003.444458 0.000000 0.011588 0.000000 -0.999933 0.465396 0.465396 0.465396
2921.847168 0.000000 2009.389282 0.000000 0.794272 0.000000 0.607562 0.366744 0.366744 0.366744
2919.990479 0.000000 2005.282227 0.000000 0.683706 0.000000 0.729758 0.362834 0.362834 0.362834
2941.825439 0.000000 2012.794800 0.000000 0.638016 0.000000 0.770023 0.322327 0.322327 0.322327
2915.304932 0.000000 2008.043701 0.000000 0.036337 0.000000 -0.999340 0.467423 0.467423 0.467423
2924.484375 0.000000 1977.598877 0.000000 0.023057 0.000000 0.999734 0.278670 0.278670 0.278670
2891.118896 0.000000 2006.956421 0.000000 0.169773 0.000000 -0.985483 0.468515 0.468515 0.468515
2902.134766 0.000000 2013.047363 0.000000 0.625074 0.000000 0.780565 0.325323 0.325323 0.325323
2951.223389 0.000000 1987.502441 0.000000 0.930450 0.000000 0.366420 0.378833 0.378833 0.378833
2912.651611 0.000000 1978.371948 0.000000 0.996782 0.000000 0.080156 0.394110 0.394110 0.394110
2908.015381 0.000000 1980.225708 0.000000 0.298570 0.000000 -0.954388 0.470888 0.470888 0.470888
2918.700195 0.000000 1999.225342 0.000000 0.310688 0.000000 0.950512 0.346741 0.346741 0.346741
2926.517334 0.000000 1988.124146 0.000000 0.381564 0.000000 0.924342 0.336405 0.336405 0.336405
2947.490967 0.000000 1986.291626 0.000000 0.318199 0.000000 -0.948024 0.485922 0.485922 0.485922
2943.330078 0.000000 2008.962280 0.000000 0.844369 0.000000 -0.535763 0.444041 0.444041 0.444041
2900.166748 0.000000 2014.503784 0.000000 0.915141 0.000000 0.403135 0.375552 0.375552 0.375552
2917.355225 0.000000 1991.856567 0.000000 0.742074 0.000000 -0.670318 0.458690 0.458690 0.458690
2913.622559 0.000000 2010.098755 0.000000 0.997204 0.000000 -0.074733 0.403287 0.403287 0.403287
2910.166016 0.000000 1998.207886 0.000000 0.486650 0.000000 -0.873597 0.475867 0.475867 0.475867
2918.375977 0.000000 2011.240967 0.000000 0.970807 0.000000 -0.239862 0.413788 0.413788 0.413788
2927.666260 0.000000 1984.212769 0.000000 0.339712 0.000000 0.940529 0.332152 0.332152 0.332152
2913.540039 0.000000 1990.026978 0.000000 0.665744 0.000000 -0.746180 0.463506 0.463506 0.463506
2898.712158 0.000000 1991.365479 0.000000 0.664603 0.000000 -0.747196 0.464885 0.464885 0.464885
2903.256592 0.000000 1983.646973 0.000000 0.531348 0.000000 -0.847154 0.473672 0.473672 0.473672
2900.970947 0.000000 1983.584717 0.000000 0.735367 0.000000 -0.677669 0.454652 0.454652 0.454652
2886.744629 0.000000 2004.667847 0.000000 0.760290 0.000000 0.649584 0.350929 0.350929 0.350929
2904.114502 0.000000 2014.292236 0.000000 0.962907 0.000000 -0.269835 0.418281 0.418281 0.418281
2894.762695 0.000000 2009.546143 0.000000 0.324331 0.000000 0.945944 0.310808 0.310808 0.310808
2947.631836 0.000000 2013.737549 0.000000 0.144492 0.000000 -0.989506 0.500380 0.500380 0.500380
2897.160645 0.000000 2012.269775 0.000000 0.625074 0.000000 0.780565 0.337397 0.337397 0.337397
2912.247559 0.000000 1997.926636 0.000000 0.109778 0.000000 -0.993956 0.491903 0.491903 0.491903
2949.598145 0.000000 1986.229614 0.000000 0.343490 0.000000 0.939156 0.326891 0.326891 0.326891
2951.731445 0.000000 1999.868408 0.000000 0.099899 0.000000 -0.994998 0.577713 0.577713 0.577713
2963.589355 0.000000 2003.910522 0.000000 0.423265 0.000000 -0.906006 0.526239 0.526239 0.526239
2979.801514 0.000000 1997.681641 0.000000 0.702947 0.000000 0.711243 0.307155 0.307155 0.307155
3004.978027 0.000000 1998.451172 0.000000 0.472883 0.000000 0.881125 0.270252 0.270252 0.270252
2956.529053 0.000000 2004.950073 0.000000 0.729465 0.000000 0.684018 0.316504 0.316504 0.316504
2986.422363 0.000000 1997.860107 0.000000 0.591017 0.000000 -0.806659 0.507307 0.507307 0.507307
2952.546875 0.000000 1993.762695 0.000000 0.882260 0.000000 -0.470762 0.457269 0.457269 0.457269
2979.630615 0.000000 2003.901123 0.000000 0.289184 0.000000 0.957274 0.253937 0.253937 0.253937
2992.006836 0.000000 1969.853027 0.000000 0.536693 0.000000 0.843778 0.387464 0.387464 0.387464
3005.545410 0.000000 2003.530273 0.000000 0.975561 0.000000 -0.219730 0.425552 0.425552 0.425552
2981.314209 0.000000 1985.943604 0.000000 0.145654 0.000000 -0.989336 0.421340 0.421340 0.421340
2951.763672 0.000000 2005.678467 0.000000 0.548810 0.000000 -0.835947 0.509722 0.509722 0.509722
3018.319580 0.000000 2008.463257 0.000000 0.098437 0.000000 0.995143 0.358100 0.358100 0.358100
2956.006348 0.000000 2008.758423 0.000000 0.614514 0.000000 -0.788906 0.495770 0.495770 0.495770
2958.959717 0.000000 1984.330444 0.000000 0.383446 0.000000 0.923563 0.372960 0.372960 0.372960
2969.194580 0.000000 2009.401367 0.000000 0.810600 0.000000 -0.585600 0.461851 0.461851 0.461851
2988.899414 0.000000 1982.517944 0.000000 0.374582 0.000000 -0.927194 0.449779 0.449779 0.449779
2958.723389 0.000000 2008.100098 0.000000 0.982401 0.000000 -0.186783 0.417356 0.417356 0.417356
2994.714355 0.000000 1970.201416 0.000000 0.990865 0.000000 0.134860 0.394597 0.394597 0.394597
2987.297119 0.000000 2008.043701 0.000000 0.403038 0.000000 -0.915183 0.501584 0.501584 0.501584
3006.030762 0.000000 2000.944824 0.000000 0.109112 0.000000 -0.994029 0.529891 0.529891 0.529891
2990.482910 0.000000 1980.422241 0.000000 0.381965 0.000000 -0.924177 0.493591 0.493591 0.493591
2984.749023 0.000000 1993.637207 0.000000 0.518142 0.000000 0.855295 0.309314 0.309314 0.309314
3006.723145 0.000000 1979.012817 0.000000 0.730908 0.000000 0.682476 0.365870 0.365870 0.365870
2963.111084 0.000000 2006.956421 0.000000 0.828640 0.000000 0.559781 0.349866 0.349866 0.349866
2974.126953 0.000000 2013.047363 0.000000 0.593486 0.000000 0.804844 0.318264 0.318264 0.318264
2999.635742 0.000000 1971.933472 0.000000 0.806120 0.000000 0.591752 0.371228 0.371228 0.371228
2957.665039 0.000000 2014.748291 0.000000 0.887768 0.000000 -0.460291 0.434631 0.434631 0.434631
2974.336182 0.000000 1988.062134 0.000000 0.500348 0.000000 0.865825 0.309577 0.309577 0.309577
2991.945068 0.000000 1975.609741 0.000000 0.120866 0.000000 0.992669 0.323999 0.323999 0.323999
2972.158936 0.000000 2014.503784 0.000000 0.990535 0.000000 0.137263 0.389687 0.389687 0.389687
2989.347412 0.000000 1991.856567 0.000000 0.115813 0.000000 -0.993271 0.508227 0.508227 0.508227
2985.614746 0.000000 2010.098755 0.000000 0.794202 0.000000 -0.607654 0.454785 0.454785 0.454785
2951.710938 0.000000 1987.486938 0.000000 0.845752 0.000000 -0.533575 0.431756 0.431756 0.431756
3007.188232 0.000000 2009.355225 0.000000 0.995120 0.000000 0.098669 0.394720 0.394720 0.394720
3007.352783 0.000000 1990.842529 0.000000 0.280774 0.000000 0.959774 0.294678 0.294678 0.294678
2966.876465 0.000000 2014.771240 0.000000 0.237773 0.000000 0.971321 0.312958 0.312958 0.312958
2971.912842 0.000000 1987.272705 0.000000 0.869445 0.000000 0.494030 0.375490 0.375490 0.375490
2991.760010 0.000000 1985.875000 0.000000 0.994444 0.000000 0.105269 0.392891 0.392891 0.392891
2985.532227 0.000000 1990.026978 0.000000 0.072050 0.000000 -0.997401 0.497280 0.497280 0.497280
3006.409180 0.000000 1986.465210 0.000000 0.103062 0.000000 -0.994675 0.481337 0.481337 0.481337
2969.152832 0.000000 2012.269775 0.000000 0.759684 0.000000 0.650293 0.352632 0.352632 0.352632
2990.391846 0.000000 1987.802979 0.000000 0.356586 0.000000 0.934263 0.324717 0.324717 0.324717
2905.955078 0.000000 2017.453491 0.000000 0.968476 0.000000 0.249107 0.396103 0.396103 0.396103
2926.953125 0.000000 2025.113281 0.000000 0.098513 0.000000 -0.995136 0.429402 0.429402 0.429402
2893.575439 0.000000 2024.756226 0.000000 0.269112 0.000000 -0.963109 0.443434 0.443434 0.443434
2887.232422 0.000000 2052.946289 0.000000 0.048214 0.000000 -0.998837 0.464620 0.464620 0.464620
2950.529541 0.000000 2017.629883 0.000000 0.587516 0.000000 0.809213 0.358574 0.358574 0.358574
2917.651367 0.000000 2015.705566 0.000000 0.845978 0.000000 -0.533218 0.421903 0.421903 0.421903
2923.600098 0.000000 2017.138428 0.000000 0.985781 0.000000 -0.168037 0.409610 0.409610 0.409610
2888.567627 0.000000 2049.446533 0.000000 0.820836 0.000000 0.571164 0.372378 0.372378 0.372378
2885.713867 0.000000 2056.650635 0.000000 0.775710 0.000000 0.631090 0.372378 0.372378 0.372378
2927.843750 0.000000 2017.816284 0.000000 0.758107 0.000000 0.652131 0.370559 0.370559 0.370559
2884.912354 0.000000 2021.685547 0.000000 0.999258 0.000000 0.038504 0.397115 0.397115 0.397115
2945.146729 0.000000 2015.843140 0.000000 0.805390 0.000000 -0.592745 0.440866 0.440866 0.440866
2879.896973 0.000000 2051.810791 0.000000 0.829009 0.000000 -0.559236 0.438818 0.438818 0.438818
2882.552002 0.000000 2021.226074 0.000000 0.938676 0.000000 0.344801 0.371877 0.371877 0.371877
2886.322510 0.000000 2044.906982 0.000000 0.884744 0.000000 -0.466077 0.433893 0.433893 0.433893
2885.480469 0.000000 2024.126709 0.000000 0.779190 0.000000 0.626788 0.362117 0.362117 0.362117
2886.783691 0.000000 2020.122314 0.000000 0.996344 0.000000 0.085435 0.393764 0.393764 0.393764
2886.400635 0.000000 2029.736694 0.000000 0.759833 0.000000 -0.650119 0.444173 0.444173 0.444173
2889.001221 0.000000 2021.038574 0.000000 0.987500 0.000000 -0.157622 0.410906 0.410906 0.410906
2884.557861 0.000000 2051.879395 0.000000 0.987653 0.000000 -0.156656 0.408954 0.408954 0.408954
2880.994141 0.000000 2022.786255 0.000000 0.643012 0.000000 -0.765856 0.459239 0.459239 0.459239
2881.846191 0.000000 2053.753906 0.000000 0.939137 0.000000 -0.343543 0.419611 0.419611 0.419611
2885.770020 0.000000 2047.584595 0.000000 0.930460 0.000000 -0.366392 0.427347 0.427347 0.427347
2997.472656 0.000000 2035.525146 0.000000 0.643724 0.000000 -0.765257 0.495291 0.495291 0.495291
2956.499023 0.000000 2019.237671 0.000000 0.720059 0.000000 0.693913 0.388129 0.388129 0.388129
3011.467285 0.000000 2035.094482 0.000000 0.577060 0.000000 0.816702 0.368984 0.368984 0.368984
2981.120605 0.000000 2018.787598 0.000000 0.778038 0.000000 0.628217 0.376598 0.376598 0.376598
2995.375732 0.000000 2043.195312 0.000000 0.529630 0.000000 -0.848229 0.442472 0.442472 0.442472
2955.425049 0.000000 2016.693726 0.000000 0.984702 0.000000 0.174247 0.392217 0.392217 0.392217
2989.048584 0.000000 2040.976562 0.000000 0.982419 0.000000 0.186689 0.392311 0.392311 0.392311
2995.949463 0.000000 2037.550415 0.000000 0.973230 0.000000 0.229835 0.380431 0.380431 0.380431
2993.204102 0.000000 2039.111816 0.000000 0.702364 0.000000 0.711818 0.343840 0.343840 0.343840
2989.675781 0.000000 2033.267212 0.000000 0.889253 0.000000 -0.457416 0.430126 0.430126 0.430126
2990.216553 0.000000 2023.970459 0.000000 0.643325 0.000000 0.765593 0.352108 0.352108 0.352108
2966.023682 0.000000 2015.706543 0.000000 0.930869 0.000000 -0.365354 0.424464 0.424464 0.424464
2986.455566 0.000000 2019.283325 0.000000 0.489062 0.000000 -0.872249 0.462970 0.462970 0.462970
3003.845947 0.000000 2039.552246 0.000000 0.958212 0.000000 0.286059 0.382617 0.382617 0.382617
3058.414551 0.000000 1997.860107 0.000000 0.213794 0.000000 -0.976879 0.555649 0.555649 0.555649
3067.522949 0.000000 2000.882202 0.000000 0.196622 0.000000 -0.980479 0.429476 0.429476 0.429476
3079.796143 0.000000 1970.141846 0.000000 0.023856 0.000000 0.999715 0.366014 0.366014 0.366014
3030.951904 0.000000 1984.330444 0.000000 0.704475 0.000000 -0.709728 0.425217 0.425217 0.425217
3078.913818 0.000000 2006.645142 0.000000 0.978773 0.000000 -0.204950 0.407111 0.407111 0.407111
3048.771240 0.000000 1996.733276 0.000000 0.991931 0.000000 -0.126779 0.412123 0.412123 0.412123
3048.945312 0.000000 2005.566284 0.000000 0.863197 0.000000 -0.504867 0.450471 0.450471 0.450471
3069.457764 0.000000 2006.177368 0.000000 0.480602 0.000000 0.876939 0.365291 0.365291 0.365291
3062.500244 0.000000 2014.490112 0.000000 0.814472 0.000000 -0.580203 0.458722 0.458722 0.458722
3084.154785 0.000000 2007.041260 0.000000 0.930793 0.000000 0.365547 0.385239 0.385239 0.385239
3058.500000 0.000000 2005.495239 0.000000 0.043586 0.000000 -0.999050 0.541833 0.541833 0.541833
3037.737305 0.000000 1991.682373 0.000000 0.100695 0.000000 0.994917 0.332477 0.332477 0.332477
3060.221191 0.000000 2003.444458 0.000000 0.034763 0.000000 -0.999396 0.521179 0.521179 0.521179
3059.289307 0.000000 2008.043701 0.000000 0.999530 0.000000 -0.030644 0.402556 0.402556 0.402556
3080.252930 0.000000 2002.902710 0.000000 0.822311 0.000000 -0.569038 0.425994 0.425994 0.425994
3046.119141 0.000000 2013.047363 0.000000 0.414197 0.000000 -0.910187 0.498226 0.498226 0.498226
3085.141113 0.000000 2004.596558 0.000000 0.978779 0.000000 -0.204917 0.412057 0.412057 0.412057
3062.684570 0.000000 1999.225342 0.000000 0.720600 0.000000 0.693351 0.355243 0.355243 0.355243
3069.773926 0.000000 2008.587891 0.000000 0.436571 0.000000 0.899670 0.334069 0.334069 0.334069
3057.606934 0.000000 2010.098755 0.000000 0.939430 0.000000 -0.342742 0.427948 0.427948 0.427948
3046.294434 0.000000 2010.492676 0.000000 0.680795 0.000000 -0.732474 0.453763 0.453763 0.453763
3062.360352 0.000000 2011.240967 0.000000 0.380059 0.000000 -0.924962 0.494345 0.494345 0.494345
3059.050781 0.000000 2012.865234 0.000000 0.992673 0.000000 -0.120830 0.409495 0.409495 0.409495
3057.524414 0.000000 1990.026978 0.000000 0.857768 0.000000 0.514037 0.359025 0.359025 0.359025
3082.750000 0.000000 2010.666504 0.000000 0.911806 0.000000 0.410621 0.374647 0.374647 0.374647
3027.458008 0.000000 1988.741455 0.000000 0.976485 0.000000 -0.215587 0.412260 0.412260 0.412260
3046.005615 0.000000 2006.259399 0.000000 0.997208 0.000000 -0.074681 0.405039 0.405039 0.405039
3025.181885 0.000000 1991.659302 0.000000 0.623546 0.000000 -0.781786 0.462740 0.462740 0.462740
3093.582520 0.000000 1986.229614 0.000000 0.968242 0.000000 0.250016 0.383345 0.383345 0.383345
3073.364990 0.000000 2009.731201 0.000000 0.981159 0.000000 0.193204 0.388253 0.388253 0.388253
3128.498291 0.000000 2007.724609 0.000000 0.361870 0.000000 -0.932229 0.541466 0.541466 0.541466
3100.513428 0.000000 2004.950073 0.000000 0.883730 0.000000 -0.467997 0.403161 0.403161 0.403161
3107.573730 0.000000 1989.646240 0.000000 0.786594 0.000000 -0.617471 0.478423 0.478423 0.478423
3159.089111 0.000000 2006.549683 0.000000 0.907233 0.000000 0.420628 0.393930 0.393930 0.393930
3150.920898 0.000000 2011.716309 0.000000 0.917406 0.000000 0.397953 0.387943 0.387943 0.387943
3104.598877 0.000000 2006.108887 0.000000 0.685704 0.000000 -0.727881 0.427272 0.427272 0.427272
3159.767578 0.000000 1937.215332 0.000000 0.678832 0.000000 0.734294 0.373237 0.373237 0.373237
3124.759277 0.000000 1982.620117 0.000000 0.280552 0.000000 0.959839 0.271535 0.271535 0.271535
3118.593994 0.000000 1981.491699 0.000000 0.701976 0.000000 0.712201 0.372296 0.372296 0.372296
3126.447754 0.000000 2010.035156 0.000000 0.984233 0.000000 0.176875 0.383043 0.383043 0.383043
3164.152832 0.000000 1940.896606 0.000000 0.555021 0.000000 0.831837 0.302876 0.302876 0.302876
3149.811768 0.000000 1995.542725 0.000000 0.240606 0.000000 -0.970623 0.521326 0.521326 0.521326
3156.146973 0.000000 2007.041260 0.000000 0.633166 0.000000 -0.774016 0.440219 0.440219 0.440219
3159.416992 0.000000 2003.581909 0.000000 0.992402 0.000000 0.123038 0.394703 0.394703 0.394703
3150.015137 0.000000 2000.944824 0.000000 0.974542 0.000000 -0.224205 0.419985 0.419985 0.419985
3128.733398 0.000000 1993.637207 0.000000 0.383314 0.000000 0.923618 0.337095 0.337095 0.337095
3146.484863 0.000000 1997.955444 0.000000 0.993308 0.000000 0.115496 0.389828 0.389828 0.389828
3146.108398 0.000000 2014.824585 0.000000 0.997264 0.000000 -0.073920 0.403805 0.403805 0.403805
3118.111328 0.000000 2013.047363 0.000000 0.350089 0.000000 0.936716 0.346090 0.346090 0.346090
3143.642578 0.000000 1996.986694 0.000000 0.187701 0.000000 0.982226 0.337897 0.337897 0.337897
3157.133301 0.000000 2004.596558 0.000000 0.638116 0.000000 -0.769940 0.450458 0.450458 0.450458
3151.172607 0.000000 2009.355225 0.000000 0.403282 0.000000 -0.915076 0.468092 0.468092 0.468092
3151.337158 0.000000 1990.842529 0.000000 0.924365 0.000000 0.381508 0.376938 0.376938 0.376938
3135.744385 0.000000 1985.875000 0.000000 0.345427 0.000000 0.938446 0.325190 0.325190 0.325190
3146.062012 0.000000 1984.838867 0.000000 0.685628 0.000000 0.727952 0.347077 0.347077 0.347077
3124.065186 0.000000 1991.728394 0.000000 0.034256 0.000000 0.999413 0.309470 0.309470 0.309470
3129.516602 0.000000 1990.026978 0.000000 0.683819 0.000000 -0.729652 0.453084 0.453084 0.453084
3121.592529 0.000000 1991.138428 0.000000 0.658845 0.000000 0.752279 0.351956 0.351956 0.351956
3138.767090 0.000000 2012.395142 0.000000 0.416749 0.000000 -0.909022 0.471779 0.471779 0.471779
3141.475830 0.000000 2001.783447 0.000000 0.313271 0.000000 -0.949664 0.482529 0.482529 0.482529
3090.964600 0.000000 2032.642700 0.000000 0.993820 0.000000 0.111005 0.387059 0.387059 0.387059
3082.301270 0.000000 2025.554077 0.000000 0.964596 0.000000 -0.263734 0.429850 0.429850 0.429850
3084.421143 0.000000 2044.093994 0.000000 0.910400 0.000000 -0.413729 0.401491 0.401491 0.401491
3046.467773 0.000000 2026.804688 0.000000 0.835346 0.000000 -0.549724 0.464807 0.464807 0.464807
3079.136475 0.000000 2021.148193 0.000000 0.999391 0.000000 0.034906 0.395868 0.395868 0.395868
3067.516357 0.000000 2040.048096 0.000000 0.828520 0.000000 -0.559959 0.406232 0.406232 0.406232
3088.871826 0.000000 2045.769897 0.000000 0.871865 0.000000 -0.489746 0.405878 0.405878 0.405878
3030.993408 0.000000 2034.845459 0.000000 0.544178 0.000000 -0.838970 0.415407 0.415407 0.415407
3088.605957 0.000000 2022.135864 0.000000 0.077953 0.000000 0.996957 0.233787 0.233787 0.233787
3047.226807 0.000000 2036.618774 0.000000 0.495736 0.000000 0.868473 0.382664 0.382664 0.382664
3056.309570 0.000000 2019.051636 0.000000 0.209204 0.000000 0.977872 0.253319 0.253319 0.253319
3024.098389 0.000000 2030.871704 0.000000 0.048591 0.000000 0.998819 0.353637 0.353637 0.353637
3081.927490 0.000000 2022.481079 0.000000 0.878437 0.000000 -0.477858 0.448011 0.448011 0.448011
3053.112793 0.000000 2018.787598 0.000000 0.554423 0.000000 -0.832235 0.497195 0.497195 0.497195
3076.190918 0.000000 2028.343018 0.000000 0.767881 0.000000 0.640593 0.337512 0.337512 0.337512
3060.011230 0.000000 2020.658447 0.000000 0.503960 0.000000 -0.863727 0.493186 0.493186 0.493186
3084.760742 0.000000 2040.931396 0.000000 0.975697 0.000000 -0.219124 0.409928 0.409928 0.409928
3027.417236 0.000000 2016.693726 0.000000 0.556895 0.000000 0.830583 0.318760 0.318760 0.318760
3044.696777 0.000000 2019.651245 0.000000 0.979119 0.000000 -0.203286 0.415435 0.415435 0.415435
3063.275879 0.000000 2035.859741 0.000000 0.255465 0.000000 0.966818 0.344952 0.344952 0.344952
3079.903320 0.000000 2028.343872 0.000000 0.987814 0.000000 0.155641 0.386969 0.386969 0.386969
3074.826172 0.000000 2035.206299 0.000000 0.813779 0.000000 0.581175 0.347977 0.347977 0.347977
3072.057617 0.000000 2030.866089 0.000000 0.501286 0.000000 0.865282 0.325857 0.325857 0.325857
3089.131104 0.000000 2015.843140 0.000000 0.675324 0.000000 0.737521 0.349477 0.349477 0.349477
3066.704346 0.000000 2031.111694 0.000000 0.403757 0.000000 -0.914866 0.480751 0.480751 0.480751
3062.498047 0.000000 2030.574097 0.000000 0.922970 0.000000 -0.384872 0.419529 0.419529 0.419529
3026.536377 0.000000 2021.226074 0.000000 0.890009 0.000000 0.455944 0.376834 0.376834 0.376834
3079.265869 0.000000 2041.623535 0.000000 0.748418 0.000000 -0.663227 0.437654 0.437654 0.437654
3079.458984 0.000000 2033.494141 0.000000 0.745576 0.000000 0.666421 0.346099 0.346099 0.346099
3079.847412 0.000000 2038.088745 0.000000 0.549244 0.000000 0.835662 0.330842 0.330842 0.330842
3071.219971 0.000000 2034.014648 0.000000 0.649353 0.000000 0.760487 0.339599 0.339599 0.339599
3059.447754 0.000000 2033.754272 0.000000 0.003578 0.000000 -0.999994 0.482165 0.482165 0.482165
3066.090332 0.000000 2027.800293 0.000000 0.684223 0.000000 0.729273 0.342871 0.342871 0.342871
3059.427734 0.000000 2027.044312 0.000000 0.756955 0.000000 -0.653467 0.446937 0.446937 0.446937
3075.838135 0.000000 2039.552246 0.000000 0.095667 0.000000 -0.995413 0.497214 0.497214 0.497214
3083.341797 0.000000 2039.368164 0.000000 0.110146 0.000000 -0.993915 0.491151 0.491151 0.491151
3089.512695 0.000000 2041.312134 0.000000 0.636074 0.000000 0.771628 0.344549 0.344549 0.344549
3127.147949 0.000000 2070.646484 0.000000 0.980067 0.000000 -0.198668 0.402397 0.402397 0.402397
3096.248535 0.000000 2036.405151 0.000000 0.113903 0.000000 -0.993492 0.565101 0.565101 0.565101
3125.300781 0.000000 2031.822876 0.000000 0.268210 0.000000 -0.963360 0.425301 0.425301 0.425301
3164.640625 0.000000 2072.191650 0.000000 0.799221 0.000000 -0.601037 0.471152 0.471152 0.471152
3157.404297 0.000000 2077.105713 0.000000 0.062004 0.000000 -0.998076 0.565734 0.565734 0.565734
3116.861328 0.000000 2051.471924 0.000000 0.055671 0.000000 0.998449 0.361418 0.361418 0.361418
3162.248779 0.000000 2049.300049 0.000000 0.246045 0.000000 -0.969258 0.431689 0.431689 0.431689
3107.313721 0.000000 2029.060547 0.000000 0.976083 0.000000 0.217398 0.377021 0.377021 0.377021
3122.610107 0.000000 2035.778931 0.000000 0.403655 0.000000 0.914911 0.284054 0.284054 0.284054
3095.666260 0.000000 2045.507568 0.000000 0.809055 0.000000 0.587733 0.377728 0.377728 0.377728
3127.641846 0.000000 2046.678345 0.000000 0.105046 0.000000 0.994467 0.356094 0.356094 0.356094
3153.580078 0.000000 2078.303467 0.000000 0.992635 0.000000 -0.121141 0.404790 0.404790 0.404790
3096.868652 0.000000 2039.242188 0.000000 0.839298 0.000000 0.543672 0.348339 0.348339 0.348339
3145.188232 0.000000 2073.218262 0.000000 0.721157 0.000000 0.692772 0.373633 0.373633 0.373633
3118.213623 0.000000 2057.273926 0.000000 0.565277 0.000000 0.824901 0.311849 0.311849 0.311849
3099.409424 0.000000 2016.693726 0.000000 0.539707 0.000000 -0.841853 0.488940 0.488940 0.488940
3151.200684 0.000000 2053.187500 0.000000 0.925442 0.000000 -0.378890 0.430269 0.430269 0.430269
3152.715088 0.000000 2050.573486 0.000000 0.156124 0.000000 -0.987737 0.460013 0.460013 0.460013
3124.753906 0.000000 2034.355469 0.000000 0.539798 0.000000 -0.841794 0.480437 0.480437 0.480437
3104.273193 0.000000 2037.085205 0.000000 0.512743 0.000000 -0.858542 0.488150 0.488150 0.488150
3167.509033 0.000000 2074.155273 0.000000 0.106622 0.000000 -0.994300 0.478945 0.478945 0.478945
3139.020996 0.000000 2054.485840 0.000000 0.712870 0.000000 0.701296 0.342566 0.342566 0.342566
3135.929443 0.000000 2071.593994 0.000000 0.959931 0.000000 -0.280235 0.424394 0.424394 0.424394
3115.755127 0.000000 2029.489990 0.000000 0.981840 0.000000 -0.189713 0.408577 0.408577 0.408577
3113.204834 0.000000 2045.494873 0.000000 0.423063 0.000000 -0.906101 0.463415 0.463415 0.463415
3097.627441 0.000000 2043.560059 0.000000 0.647138 0.000000 0.762373 0.337664 0.337664 0.337664
3162.576660 0.000000 2079.684326 0.000000 0.967573 0.000000 0.252590 0.388142 0.388142 0.388142
3122.795410 0.000000 2031.306519 0.000000 0.875728 0.000000 -0.482805 0.437485 0.437485 0.437485
3108.515869 0.000000 2026.948120 0.000000 0.359429 0.000000 0.933172 0.321303 0.321303 0.321303
3160.781250 0.000000 2051.228027 0.000000 0.950244 0.000000 0.311506 0.382601 0.382601 0.382601
3129.994873 0.000000 2048.771729 0.000000 0.126135 0.000000 -0.992013 0.482213 0.482213 0.482213
3109.542480 0.000000 2029.618042 0.000000 0.410493 0.000000 0.911864 0.320338 0.320338 0.320338
3111.657471 0.000000 2025.664673 0.000000 0.459789 0.000000 -0.888028 0.469312 0.469312 0.469312
3164.236084 0.000000 2077.814453 0.000000 0.552939 0.000000 -0.833222 0.457538 0.457538 0.457538
3114.942139 0.000000 2024.984131 0.000000 0.540325 0.000000 -0.841456 0.464409 0.464409 0.464409
3124.561523 0.000000 2038.586060 0.000000 0.909591 0.000000 -0.415506 0.429526 0.429526 0.429526
3113.210449 0.000000 2028.898804 0.000000 0.281079 0.000000 0.959685 0.317175 0.317175 0.317175
3116.461426 0.000000 2031.724243 0.000000 0.611952 0.000000 0.790895 0.343973 0.343973 0.343973
3167.770508 0.000000 1946.048096 0.000000 0.422325 0.000000 0.906444 0.274213 0.274213 0.274213
3182.911621 0.000000 1942.789673 0.000000 0.918084 0.000000 0.396387 0.394505 0.394505 0.394505
3194.209473 0.000000 1993.336548 0.000000 0.202614 0.000000 -0.979259 0.422521 0.422521 0.422521
3223.780518 0.000000 1970.141846 0.000000 0.662878 0.000000 0.748727 0.382678 0.382678 0.382678
3215.202881 0.000000 1960.394653 0.000000 0.020850 0.000000 0.999783 0.367496 0.367496 0.367496
3181.544189 0.000000 1928.771851 0.000000 0.278429 0.000000 -0.960457 0.433458 0.433458 0.433458
3218.977295 0.000000 1961.475098 0.000000 0.238621 0.000000 -0.971113 0.451129 0.451129 0.451129
3191.201172 0.000000 1921.045410 0.000000 0.984279 0.000000 0.176621 0.392021 0.392021 0.392021
3210.885254 0.000000 1963.576782 0.000000 0.993347 0.000000 -0.115161 0.404668 0.404668 0.404668
3203.726562 0.000000 1968.531616 0.000000 0.451449 0.000000 0.892297 0.340552 0.340552 0.340552
3199.652100 0.000000 1972.158447 0.000000 0.560019 0.000000 0.828480 0.316147 0.316147 0.316147
3232.906250 0.000000 1971.496094 0.000000 0.301202 0.000000 -0.953560 0.459366 0.459366 0.459366
3184.755127 0.000000 1941.122681 0.000000 0.976972 0.000000 -0.213366 0.414386 0.414386 0.414386
3220.188477 0.000000 1970.524536 0.000000 0.990737 0.000000 0.135796 0.392246 0.392246 0.392246
3193.664551 0.000000 1976.237183 0.000000 0.916290 0.000000 -0.400516 0.428600 0.428600 0.428600
3183.844482 0.000000 2007.524658 0.000000 0.289845 0.000000 -0.957074 0.491798 0.491798 0.491798
3180.460205 0.000000 1942.312500 0.000000 0.254706 0.000000 -0.967019 0.472785 0.472785 0.472785
3198.423096 0.000000 1927.415771 0.000000 0.856863 0.000000 -0.515544 0.433265 0.433265 0.433265
3177.420654 0.000000 1945.087891 0.000000 0.859967 0.000000 -0.510350 0.433696 0.433696 0.433696
3167.682129 0.000000 2074.262207 0.000000 0.980721 0.000000 0.195416 0.389394 0.389394 0.389394
3169.860352 0.000000 2046.360596 0.000000 0.927304 0.000000 0.374309 0.381610 0.381610 0.381610
2550.510254 0.000000 2681.926025 0.000000 0.746673 0.000000 -0.665191 0.422166 0.422166 0.422166
2544.153564 0.000000 2686.182861 0.000000 0.798285 0.000000 0.602280 0.362563 0.362563 0.362563
2545.994141 0.000000 2689.344238 0.000000 0.861272 0.000000 -0.508144 0.409049 0.409049 0.409049
2586.660400 0.000000 2731.926514 0.000000 0.786161 0.000000 0.618022 0.379708 0.379708 0.379708
2573.526123 0.000000 2708.527832 0.000000 0.894458 0.000000 0.447152 0.377779 0.377779 0.377779
2602.045166 0.000000 2747.334961 0.000000 0.706590 0.000000 -0.707623 0.411776 0.411776 0.411776
2647.463135 0.000000 2830.100098 0.000000 0.490850 0.000000 0.871244 0.385740 0.385740 0.385740
2649.974365 0.000000 2790.356201 0.000000 0.508526 0.000000 0.861047 0.367369 0.367369 0.367369
2652.731445 0.000000 2820.785645 0.000000 0.494050 0.000000 0.869433 0.352633 0.352633 0.352633
2650.761475 0.000000 2827.891602 0.000000 0.262477 0.000000 -0.964938 0.480811 0.480811 0.480811
"}
