object={
	name="tree_jungle_01_c_generator_1_0"
	render_pass=Map
	clamp_to_water_level=no
	generated_content=yes
	layer="tree_high_layer"
	pdxmesh="tree_jungle_01_c_mesh"
	count=270
	transform="71.845047 0.000000 58.483234 0.000000 0.126488 0.000000 -0.991968 1.058978 1.058978 1.058978
51.038673 0.000000 67.624619 0.000000 0.995513 0.000000 -0.094620 0.908730 0.908730 0.908730
63.469582 0.000000 72.403877 0.000000 0.207088 0.000000 0.978322 0.765328 0.765328 0.765328
72.859375 0.000000 74.075058 0.000000 0.611159 0.000000 0.791508 0.887688 0.887688 0.887688
72.017998 0.000000 58.590218 0.000000 0.999758 0.000000 0.021996 0.897677 0.897677 0.897677
2127.344238 0.000000 2097.625977 0.000000 0.680382 0.000000 -0.732858 0.907392 0.907392 0.907392
2128.698730 0.000000 2108.168701 0.000000 0.924953 0.000000 0.380081 0.891240 0.891240 0.891240
2141.071777 0.000000 2094.435547 0.000000 0.340211 0.000000 -0.940349 0.946740 0.946740 0.946740
2152.249756 0.000000 2107.360840 0.000000 0.695697 0.000000 0.718335 0.887395 0.887395 0.887395
2156.147705 0.000000 2089.112793 0.000000 0.973758 0.000000 -0.227586 0.906191 0.906191 0.906191
2127.148438 0.000000 2089.648193 0.000000 0.999830 0.000000 0.018436 0.899710 0.899710 0.899710
2146.691650 0.000000 2100.469482 0.000000 0.977723 0.000000 0.209899 0.891447 0.891447 0.891447
2149.752441 0.000000 2092.749268 0.000000 0.225785 0.000000 -0.974177 0.936212 0.936212 0.936212
2135.388184 0.000000 2109.184326 0.000000 0.624892 0.000000 0.780711 0.863770 0.863770 0.863770
2133.231445 0.000000 2092.865723 0.000000 0.234427 0.000000 0.972134 0.876018 0.876018 0.876018
2128.504639 0.000000 2084.265869 0.000000 0.614131 0.000000 0.789204 0.881608 0.881608 0.881608
2141.639160 0.000000 2099.514648 0.000000 0.273993 0.000000 0.961732 0.838978 0.838978 0.838978
2156.697998 0.000000 2052.305664 0.000000 0.738825 0.000000 -0.673897 0.934892 0.934892 0.934892
2121.620850 0.000000 2098.800293 0.000000 0.687145 0.000000 -0.726521 0.912791 0.912791 0.912791
2145.571777 0.000000 2104.734863 0.000000 0.226880 0.000000 0.973923 0.833667 0.833667 0.833667
2149.995605 0.000000 2097.283447 0.000000 0.182123 0.000000 -0.983276 0.940533 0.940533 0.940533
2145.015381 0.000000 2096.248535 0.000000 0.218169 0.000000 -0.975911 0.951599 0.951599 0.951599
2154.358154 0.000000 2049.300049 0.000000 0.101362 0.000000 0.994850 0.847180 0.847180 0.847180
2153.203369 0.000000 2053.552246 0.000000 0.694600 0.000000 0.719397 0.862114 0.862114 0.862114
2143.030273 0.000000 2107.700684 0.000000 0.918609 0.000000 -0.395168 0.920082 0.920082 0.920082
2138.446289 0.000000 2107.563232 0.000000 0.949822 0.000000 -0.312792 0.915726 0.915726 0.915726
2143.015381 0.000000 2102.629639 0.000000 0.195027 0.000000 0.980798 0.822790 0.822790 0.822790
2139.169189 0.000000 2097.351807 0.000000 0.998442 0.000000 -0.055806 0.902384 0.902384 0.902384
2170.544922 0.000000 2070.832275 0.000000 0.232398 0.000000 -0.972621 0.930024 0.930024 0.930024
2176.548340 0.000000 2088.117188 0.000000 0.501900 0.000000 0.864926 0.874172 0.874172 0.874172
2199.336426 0.000000 2097.625977 0.000000 0.992810 0.000000 -0.119700 0.900809 0.900809 0.900809
2159.960938 0.000000 2081.001709 0.000000 0.938682 0.000000 0.344784 0.886554 0.886554 0.886554
2175.100586 0.000000 2058.922852 0.000000 0.997640 0.000000 0.068657 0.899228 0.899228 0.899228
2171.675293 0.000000 2099.894775 0.000000 0.695941 0.000000 -0.718099 0.921599 0.921599 0.921599
2161.454834 0.000000 2107.084717 0.000000 0.893746 0.000000 -0.448573 0.904181 0.904181 0.904181
2179.510254 0.000000 2077.984863 0.000000 0.967762 0.000000 -0.251866 0.902860 0.902860 0.902860
2166.734619 0.000000 2088.887207 0.000000 0.093760 0.000000 0.995595 0.866816 0.866816 0.866816
2170.422363 0.000000 2080.260986 0.000000 0.202775 0.000000 -0.979225 0.930706 0.930706 0.930706
2192.599854 0.000000 2103.708984 0.000000 0.366771 0.000000 0.930311 0.881201 0.881201 0.881201
2184.881104 0.000000 2084.993164 0.000000 0.972235 0.000000 0.234005 0.896285 0.896285 0.896285
2179.743896 0.000000 2096.345215 0.000000 0.911126 0.000000 0.412128 0.884729 0.884729 0.884729
2175.094971 0.000000 2107.654297 0.000000 0.644350 0.000000 -0.764731 0.921518 0.921518 0.921518
2178.632812 0.000000 2066.487549 0.000000 0.183597 0.000000 0.983002 0.887542 0.887542 0.887542
2168.078125 0.000000 2063.030762 0.000000 0.932256 0.000000 0.361800 0.888355 0.888355 0.888355
2159.835205 0.000000 2054.296387 0.000000 0.407588 0.000000 0.913166 0.843105 0.843105 0.843105
2182.420166 0.000000 2111.628418 0.000000 0.841669 0.000000 0.539994 0.884620 0.884620 0.884620
2168.389160 0.000000 2056.343506 0.000000 0.494409 0.000000 0.869229 0.864489 0.864489 0.864489
2207.380371 0.000000 2109.184326 0.000000 0.745478 0.000000 -0.666530 0.908196 0.908196 0.908196
2172.383789 0.000000 2093.175293 0.000000 0.543360 0.000000 -0.839500 0.926865 0.926865 0.926865
2194.508301 0.000000 2093.844482 0.000000 0.948463 0.000000 -0.316889 0.904347 0.904347 0.904347
2176.642334 0.000000 2072.538574 0.000000 0.281801 0.000000 -0.959473 0.914438 0.914438 0.914438
2160.632812 0.000000 2089.747070 0.000000 0.231569 0.000000 -0.972819 0.933048 0.933048 0.933048
2188.665771 0.000000 2108.497070 0.000000 0.203194 0.000000 -0.979138 0.924557 0.924557 0.924557
2182.411377 0.000000 2090.708252 0.000000 0.949273 0.000000 -0.314454 0.907906 0.907906 0.907906
2177.817383 0.000000 2102.058594 0.000000 0.822944 0.000000 0.568123 0.879636 0.879636 0.879636
2165.272705 0.000000 2083.300293 0.000000 0.999997 0.000000 -0.002476 0.900078 0.900078 0.900078
2169.294189 0.000000 2105.336670 0.000000 0.407536 0.000000 -0.913189 0.925863 0.925863 0.925863
2173.373291 0.000000 2064.302734 0.000000 0.571113 0.000000 0.820871 0.882691 0.882691 0.882691
2195.684082 0.000000 2111.149170 0.000000 0.986850 0.000000 0.161639 0.896352 0.896352 0.896352
2171.675293 0.000000 2085.630615 0.000000 0.702588 0.000000 0.711597 0.882210 0.882210 0.882210
2176.351074 0.000000 2082.412842 0.000000 0.307979 0.000000 -0.951393 0.922608 0.922608 0.922608
2212.717041 0.000000 2110.313477 0.000000 0.253203 0.000000 -0.967413 0.929542 0.929542 0.929542
2174.431152 0.000000 2077.117676 0.000000 0.632139 0.000000 0.774855 0.886057 0.886057 0.886057
2163.854492 0.000000 2058.459717 0.000000 0.921290 0.000000 -0.388876 0.919743 0.919743 0.919743
2193.613037 0.000000 2098.800293 0.000000 0.835465 0.000000 -0.549544 0.910458 0.910458 0.910458
2196.097656 0.000000 2106.609131 0.000000 0.658458 0.000000 -0.752618 0.917230 0.917230 0.917230
2170.092041 0.000000 2075.444092 0.000000 0.061560 0.000000 0.998103 0.869481 0.869481 0.869481
2180.019775 0.000000 2107.633789 0.000000 0.774555 0.000000 0.632506 0.881536 0.881536 0.881536
2175.084717 0.000000 2096.827393 0.000000 0.606651 0.000000 -0.794968 0.930972 0.930972 0.930972
2166.151855 0.000000 2071.401123 0.000000 0.471491 0.000000 0.881871 0.868459 0.868459 0.868459
2161.322510 0.000000 2085.358643 0.000000 0.373708 0.000000 -0.927547 0.937364 0.937364 0.937364
2176.840576 0.000000 2092.672363 0.000000 0.854903 0.000000 -0.518789 0.915932 0.915932 0.915932
2170.961182 0.000000 2059.682861 0.000000 0.985144 0.000000 -0.171733 0.904653 0.904653 0.904653
2164.704590 0.000000 2054.158691 0.000000 0.804057 0.000000 -0.594552 0.928612 0.928612 0.928612
2173.650635 0.000000 2103.700684 0.000000 0.389536 0.000000 0.921011 0.865805 0.865805 0.865805
2168.570068 0.000000 2067.021729 0.000000 0.960621 0.000000 0.277861 0.892408 0.892408 0.892408
2184.567627 0.000000 2108.069580 0.000000 0.129617 0.000000 0.991564 0.864389 0.864389 0.864389
2159.976074 0.000000 2057.977539 0.000000 0.783569 0.000000 0.621305 0.865354 0.865354 0.865354
2167.353760 0.000000 2059.596436 0.000000 0.164957 0.000000 0.986301 0.843173 0.843173 0.843173
2163.353760 0.000000 2080.320557 0.000000 0.987214 0.000000 -0.159399 0.905395 0.905395 0.905395
2162.392578 0.000000 2051.543701 0.000000 0.330673 0.000000 -0.943745 0.952671 0.952671 0.952671
2162.406494 0.000000 2055.912598 0.000000 0.261300 0.000000 0.965258 0.835421 0.835421 0.835421
2137.917969 0.000000 2115.272949 0.000000 0.537248 0.000000 0.843424 0.881960 0.881960 0.881960
2129.101562 0.000000 2112.062256 0.000000 0.550607 0.000000 0.834764 0.886684 0.886684 0.886684
2149.559570 0.000000 2134.097412 0.000000 0.585576 0.000000 0.810618 0.885134 0.885134 0.885134
2137.642578 0.000000 2111.752686 0.000000 0.716283 0.000000 0.697810 0.872234 0.872234 0.872234
2150.468994 0.000000 2131.530273 0.000000 0.687515 0.000000 0.726170 0.843390 0.843390 0.843390
2190.277344 0.000000 2111.966797 0.000000 0.576095 0.000000 -0.817383 0.917200 0.917200 0.917200
2170.478027 0.000000 2121.696045 0.000000 0.602907 0.000000 -0.797811 0.914527 0.914527 0.914527
2177.092773 0.000000 2119.786865 0.000000 0.045983 0.000000 -0.998942 0.947965 0.947965 0.947965
2203.945312 0.000000 2118.097412 0.000000 0.998128 0.000000 0.061164 0.897525 0.897525 0.897525
2179.407471 0.000000 2133.708984 0.000000 0.961538 0.000000 -0.274671 0.905002 0.905002 0.905002
2182.561523 0.000000 2122.789307 0.000000 0.993896 0.000000 -0.110318 0.903726 0.903726 0.903726
2195.746094 0.000000 2113.410645 0.000000 0.742637 0.000000 -0.669694 0.916488 0.916488 0.916488
2173.351562 0.000000 2127.963379 0.000000 0.329687 0.000000 -0.944090 0.922196 0.922196 0.922196
2198.898682 0.000000 2117.421631 0.000000 0.823749 0.000000 0.566954 0.883747 0.883747 0.883747
2212.939941 0.000000 2111.898193 0.000000 0.401300 0.000000 -0.915947 0.926016 0.926016 0.926016
2175.136719 0.000000 2123.886230 0.000000 0.283248 0.000000 -0.959047 0.931726 0.931726 0.931726
2186.033203 0.000000 2113.437988 0.000000 0.967796 0.000000 -0.251737 0.905718 0.905718 0.905718
2178.798584 0.000000 2123.310059 0.000000 0.999969 0.000000 -0.007874 0.900283 0.900283 0.900283
2178.007080 0.000000 2116.202393 0.000000 0.755002 0.000000 0.655723 0.875897 0.875897 0.875897
2180.844238 0.000000 2119.596680 0.000000 0.719421 0.000000 -0.694574 0.927604 0.927604 0.927604
2182.095459 0.000000 2126.310791 0.000000 0.385351 0.000000 -0.922770 0.939608 0.939608 0.939608
2202.760742 0.000000 2121.671631 0.000000 0.958649 0.000000 0.284591 0.889625 0.889625 0.889625
3717.059570 0.000000 1133.021973 0.000000 0.974690 0.000000 0.223563 0.874163 0.874163 0.874163
3741.949463 0.000000 1138.097168 0.000000 0.672481 0.000000 0.740115 0.783923 0.783923 0.783923
3732.871826 0.000000 1145.877197 0.000000 0.952761 0.000000 0.303720 0.881972 0.881972 0.881972
3726.843506 0.000000 1142.785767 0.000000 0.380265 0.000000 -0.924877 0.953059 0.953059 0.953059
3728.731934 0.000000 1128.929688 0.000000 0.520490 0.000000 -0.853868 0.966683 0.966683 0.966683
3721.077881 0.000000 1128.457397 0.000000 0.996992 0.000000 -0.077511 0.904881 0.904881 0.904881
3717.684570 0.000000 1135.672363 0.000000 0.927956 0.000000 0.372690 0.868250 0.868250 0.868250
3728.634521 0.000000 1146.850586 0.000000 0.969289 0.000000 0.245926 0.853661 0.853661 0.853661
3740.065918 0.000000 1138.772095 0.000000 0.538821 0.000000 -0.842420 1.039552 1.039552 1.039552
3732.428955 0.000000 1136.606323 0.000000 0.816371 0.000000 0.577527 0.779644 0.779644 0.779644
3729.078613 0.000000 1140.234497 0.000000 0.979489 0.000000 0.201498 0.852134 0.852134 0.852134
3720.950928 0.000000 1141.215942 0.000000 0.647938 0.000000 0.761693 0.649013 0.649013 0.649013
3683.511230 0.000000 1236.035522 0.000000 0.870221 0.000000 -0.492662 0.903472 0.903472 0.903472
3702.778076 0.000000 1212.273682 0.000000 0.450706 0.000000 0.892672 0.845465 0.845465 0.845465
3688.478271 0.000000 1208.679199 0.000000 0.407433 0.000000 -0.913235 0.936211 0.936211 0.936211
3685.209229 0.000000 1200.443359 0.000000 0.352375 0.000000 0.935859 0.831993 0.831993 0.831993
3727.066162 0.000000 1157.288818 0.000000 0.758759 0.000000 0.651372 0.801177 0.801177 0.801177
3709.142334 0.000000 1179.721191 0.000000 0.805673 0.000000 -0.592360 1.001139 1.001139 1.001139
3721.230469 0.000000 1169.302856 0.000000 0.448879 0.000000 -0.893593 0.986921 0.986921 0.986921
3742.032471 0.000000 1165.373779 0.000000 0.496281 0.000000 -0.868162 0.935439 0.935439 0.935439
3716.195312 0.000000 1185.145386 0.000000 0.933347 0.000000 -0.358974 0.965174 0.965174 0.965174
3685.486572 0.000000 1239.841309 0.000000 0.906322 0.000000 0.422587 0.876472 0.876472 0.876472
3721.470703 0.000000 1151.908813 0.000000 0.651258 0.000000 0.758856 0.843861 0.843861 0.843861
3696.700928 0.000000 1228.858276 0.000000 0.972737 0.000000 -0.231911 0.948906 0.948906 0.948906
3700.173828 0.000000 1193.165527 0.000000 0.709537 0.000000 0.704668 0.827964 0.827964 0.827964
3686.766357 0.000000 1221.365601 0.000000 0.993861 0.000000 0.110639 0.887545 0.887545 0.887545
3671.744873 0.000000 1245.687500 0.000000 0.716396 0.000000 0.697694 0.821925 0.821925 0.821925
3683.032959 0.000000 1239.081421 0.000000 0.971026 0.000000 -0.238973 0.939580 0.939580 0.939580
3714.958496 0.000000 1190.626465 0.000000 0.088247 0.000000 0.996099 0.753442 0.753442 0.753442
3740.936768 0.000000 1167.389282 0.000000 0.999994 0.000000 0.003556 0.899433 0.899433 0.899433
3684.416016 0.000000 1211.849121 0.000000 0.996158 0.000000 0.087571 0.890740 0.890740 0.890740
3685.502686 0.000000 1202.679688 0.000000 0.803405 0.000000 0.595433 0.815448 0.815448 0.815448
3701.633057 0.000000 1194.557739 0.000000 0.951444 0.000000 -0.307820 0.930231 0.930231 0.930231
3698.359131 0.000000 1193.660522 0.000000 0.816716 0.000000 -0.577040 0.977396 0.977396 0.977396
3717.160156 0.000000 1175.342773 0.000000 0.958877 0.000000 -0.283823 0.953668 0.953668 0.953668
3690.952881 0.000000 1212.112793 0.000000 0.313635 0.000000 -0.949544 1.102508 1.102508 1.102508
3707.531250 0.000000 1190.907837 0.000000 0.986572 0.000000 0.163329 0.875301 0.875301 0.875301
3729.193604 0.000000 1160.355347 0.000000 0.039354 0.000000 -0.999225 1.106458 1.106458 1.106458
3740.567383 0.000000 1164.473999 0.000000 0.164118 0.000000 0.986441 0.669394 0.669394 0.669394
3705.238037 0.000000 1183.266846 0.000000 0.840450 0.000000 -0.541890 1.000367 1.000367 1.000367
3717.776611 0.000000 1185.615723 0.000000 0.275305 0.000000 -0.961357 1.129316 1.129316 1.129316
3708.081543 0.000000 1178.510742 0.000000 0.561672 0.000000 0.827360 0.744556 0.744556 0.744556
3680.264893 0.000000 1217.244019 0.000000 0.705075 0.000000 -0.709132 1.043463 1.043463 1.043463
3671.214355 0.000000 1257.046143 0.000000 0.958014 0.000000 -0.286722 0.916335 0.916335 0.916335
3659.916748 0.000000 1249.485718 0.000000 0.583109 0.000000 -0.812394 1.027836 1.027836 1.027836
3670.032471 0.000000 1254.900635 0.000000 0.855736 0.000000 -0.517413 0.972093 0.972093 0.972093
3658.117920 0.000000 1249.520020 0.000000 0.691250 0.000000 0.722616 0.791127 0.791127 0.791127
3676.420898 0.000000 1251.362671 0.000000 0.911999 0.000000 -0.410194 0.913296 0.913296 0.913296
3671.729492 0.000000 1256.811768 0.000000 0.961850 0.000000 0.273578 0.884434 0.884434 0.884434
3676.826416 0.000000 1253.810547 0.000000 0.933305 0.000000 -0.359085 0.964370 0.964370 0.964370
3669.531982 0.000000 1437.130859 0.000000 0.847072 0.000000 -0.531478 0.936512 0.936512 0.936512
3662.816895 0.000000 1397.153809 0.000000 0.621523 0.000000 0.783396 0.784720 0.784720 0.784720
3660.634033 0.000000 1389.423828 0.000000 0.904374 0.000000 -0.426741 0.936653 0.936653 0.936653
3665.414307 0.000000 1420.169678 0.000000 0.943183 0.000000 0.332273 0.870319 0.870319 0.870319
3666.249268 0.000000 1432.557007 0.000000 0.741103 0.000000 0.671391 0.813997 0.813997 0.813997
3662.909424 0.000000 1389.170410 0.000000 0.821372 0.000000 -0.570393 0.951825 0.951825 0.951825
3671.484619 0.000000 1425.621582 0.000000 0.621679 0.000000 -0.783272 1.033452 1.033452 1.033452
3671.751465 0.000000 1404.793091 0.000000 0.839173 0.000000 0.543865 0.847026 0.847026 0.847026
3671.744873 0.000000 1437.656250 0.000000 0.308012 0.000000 0.951382 0.789790 0.789790 0.789790
3665.966797 0.000000 1522.656860 0.000000 0.999869 0.000000 -0.016210 0.900291 0.900291 0.900291
3665.016602 0.000000 1505.668701 0.000000 0.111979 0.000000 0.993711 0.860673 0.860673 0.860673
3670.040283 0.000000 1453.326904 0.000000 0.840685 0.000000 0.541524 0.876856 0.876856 0.876856
3668.585938 0.000000 1496.285278 0.000000 0.457394 0.000000 0.889264 0.823678 0.823678 0.823678
3668.731445 0.000000 1439.809326 0.000000 0.417183 0.000000 0.908822 0.864125 0.864125 0.864125
3662.691895 0.000000 1503.810913 0.000000 0.904212 0.000000 -0.427084 0.943625 0.943625 0.943625
3666.982422 0.000000 1531.357544 0.000000 0.077259 0.000000 0.997011 0.718795 0.718795 0.718795
3670.161865 0.000000 1473.885986 0.000000 0.997449 0.000000 0.071382 0.895826 0.895826 0.895826
3668.672607 0.000000 1465.326538 0.000000 0.845683 0.000000 -0.533686 0.997397 0.997397 0.997397
3670.831543 0.000000 1454.981323 0.000000 0.167074 0.000000 0.985944 0.726626 0.726626 0.726626
3666.986816 0.000000 1523.993042 0.000000 0.006351 0.000000 0.999980 0.608243 0.608243 0.608243
3669.871338 0.000000 1495.383667 0.000000 0.069380 0.000000 -0.997590 1.348662 1.348662 1.348662
3668.683838 0.000000 1495.021240 0.000000 0.555873 0.000000 -0.831267 1.193274 1.193274 1.193274
3675.111572 0.000000 1447.629639 0.000000 0.622142 0.000000 -0.782904 1.021241 1.021241 1.021241
3680.225098 0.000000 1480.437134 0.000000 0.702860 0.000000 0.711328 0.875106 0.875106 0.875106
3672.468750 0.000000 1513.840820 0.000000 0.999028 0.000000 0.044073 0.895939 0.895939 0.895939
3675.776123 0.000000 1491.301758 0.000000 0.518180 0.000000 0.855272 0.729394 0.729394 0.729394
3683.660645 0.000000 1472.175659 0.000000 0.475255 0.000000 0.879848 0.829918 0.829918 0.829918
3672.522949 0.000000 1472.672729 0.000000 0.092744 0.000000 0.995690 0.870113 0.870113 0.870113
3678.923096 0.000000 1458.939209 0.000000 0.853613 0.000000 0.520907 0.869222 0.869222 0.869222
3683.244385 0.000000 1464.358154 0.000000 0.128015 0.000000 -0.991772 1.065290 1.065290 1.065290
3675.189697 0.000000 1504.414307 0.000000 0.907608 0.000000 0.419820 0.826017 0.826017 0.826017
3680.607666 0.000000 1506.716309 0.000000 0.075964 0.000000 0.997111 0.685052 0.685052 0.685052
3673.760254 0.000000 1477.847656 0.000000 0.654013 0.000000 -0.756483 1.048429 1.048429 1.048429
3680.406738 0.000000 1482.283936 0.000000 0.998359 0.000000 -0.057260 0.910942 0.910942 0.910942
3685.550781 0.000000 1472.041016 0.000000 0.118677 0.000000 0.992933 0.707534 0.707534 0.707534
3681.338867 0.000000 1483.460205 0.000000 0.081751 0.000000 0.996653 0.615631 0.615631 0.615631
2583.590820 0.000000 1945.770264 0.000000 0.298616 0.000000 0.954373 0.857279 0.857279 0.857279
2580.815430 0.000000 1944.947021 0.000000 0.954376 0.000000 0.298607 0.881604 0.881604 0.881604
2573.144287 0.000000 1942.263794 0.000000 0.966999 0.000000 0.254780 0.845588 0.845588 0.845588
2572.923828 0.000000 1944.709595 0.000000 0.934263 0.000000 0.356585 0.783668 0.783668 0.783668
2571.043945 0.000000 1953.269409 0.000000 0.825530 0.000000 0.564358 0.595496 0.595496 0.595496
2580.169189 0.000000 1947.337769 0.000000 0.406713 0.000000 0.913556 0.239985 0.239985 0.239985
2662.066650 0.000000 2001.956543 0.000000 0.044046 0.000000 -0.999030 1.023495 1.023495 1.023495
2662.172852 0.000000 1999.837158 0.000000 0.782088 0.000000 0.623168 0.816858 0.816858 0.816858
2657.245361 0.000000 1997.786499 0.000000 0.061095 0.000000 0.998132 0.475993 0.475993 0.475993
2662.999756 0.000000 2006.802368 0.000000 0.846022 0.000000 0.533148 0.754701 0.754701 0.754701
2663.724854 0.000000 2007.351807 0.000000 0.261719 0.000000 0.965144 0.562541 0.562541 0.562541
2786.741699 0.000000 2083.296631 0.000000 0.477923 0.000000 -0.878402 0.984343 0.984343 0.984343
2858.289551 0.000000 2054.698486 0.000000 0.705898 0.000000 -0.708313 0.921222 0.921222 0.921222
2871.120361 0.000000 2102.533936 0.000000 0.129352 0.000000 0.991599 0.809337 0.809337 0.809337
2865.493652 0.000000 2104.734863 0.000000 0.998154 0.000000 0.060735 0.893446 0.893446 0.893446
2855.021729 0.000000 2050.729736 0.000000 0.987278 0.000000 -0.159004 0.907893 0.907893 0.907893
2860.568848 0.000000 2053.269531 0.000000 0.889579 0.000000 -0.456781 0.938371 0.938371 0.938371
2856.151367 0.000000 2053.210693 0.000000 0.054768 0.000000 -0.998499 0.998783 0.998783 0.998783
2870.329834 0.000000 2063.237305 0.000000 0.338914 0.000000 0.940817 0.806414 0.806414 0.806414
2868.488525 0.000000 2070.339600 0.000000 0.905828 0.000000 -0.423645 0.933420 0.933420 0.933420
2860.055908 0.000000 2051.475586 0.000000 0.522481 0.000000 0.852651 0.755468 0.755468 0.755468
2856.718018 0.000000 2050.001465 0.000000 0.869846 0.000000 0.493324 0.839722 0.839722 0.839722
2820.356934 0.000000 2072.299561 0.000000 0.811217 0.000000 0.584745 0.765280 0.765280 0.765280
2920.612793 0.000000 2012.184448 0.000000 0.975366 0.000000 0.220591 0.897501 0.897501 0.897501
2900.161377 0.000000 2017.191406 0.000000 0.678900 0.000000 -0.734230 0.920379 0.920379 0.920379
2895.813477 0.000000 2030.598145 0.000000 0.155711 0.000000 -0.987803 0.982631 0.982631 0.982631
2980.461182 0.000000 2027.643677 0.000000 0.999948 0.000000 0.010207 0.899794 0.899794 0.899794
2997.911377 0.000000 2032.030273 0.000000 0.720997 0.000000 -0.692938 0.930962 0.930962 0.930962
2992.466797 0.000000 2023.884399 0.000000 0.737231 0.000000 -0.675641 0.936670 0.936670 0.936670
2980.568359 0.000000 2024.533691 0.000000 0.876005 0.000000 -0.482302 0.932794 0.932794 0.932794
3032.593506 0.000000 2043.276733 0.000000 0.781496 0.000000 -0.623910 0.922707 0.922707 0.922707
3088.829590 0.000000 2062.653320 0.000000 0.940635 0.000000 -0.339420 0.905447 0.905447 0.905447
3035.730957 0.000000 2048.082031 0.000000 0.986381 0.000000 0.164474 0.892946 0.892946 0.892946
3040.128174 0.000000 2034.753418 0.000000 0.774537 0.000000 -0.632529 0.918464 0.918464 0.918464
3035.314697 0.000000 2040.264404 0.000000 0.903087 0.000000 0.429458 0.864094 0.864094 0.864094
3027.623535 0.000000 2047.995850 0.000000 0.377918 0.000000 0.925839 0.852145 0.852145 0.852145
3090.605713 0.000000 2060.035645 0.000000 0.999708 0.000000 -0.024164 0.901575 0.901575 0.901575
3072.273926 0.000000 2036.099609 0.000000 0.416595 0.000000 -0.909092 0.956406 0.956406 0.956406
3037.757812 0.000000 2041.610107 0.000000 0.919525 0.000000 -0.393032 0.927227 0.927227 0.927227
3037.865479 0.000000 2043.252686 0.000000 0.642887 0.000000 -0.765961 1.047037 1.047037 1.047037
3105.990479 0.000000 2075.444092 0.000000 0.790683 0.000000 0.612226 0.885196 0.885196 0.885196
3102.050293 0.000000 2071.401123 0.000000 0.885724 0.000000 -0.464212 0.921693 0.921693 0.921693
3196.490479 0.000000 1994.963013 0.000000 0.998111 0.000000 0.061444 0.896408 0.896408 0.896408
3182.625977 0.000000 1998.350708 0.000000 0.676895 0.000000 -0.736079 0.961339 0.961339 0.961339
3275.566895 0.000000 2015.164795 0.000000 0.893416 0.000000 0.449230 0.887438 0.887438 0.887438
3273.329346 0.000000 2014.465820 0.000000 0.979398 0.000000 0.201940 0.883095 0.883095 0.883095
3271.722656 0.000000 2013.883423 0.000000 0.896932 0.000000 0.442168 0.676683 0.676683 0.676683
3269.518311 0.000000 2011.337891 0.000000 0.821398 0.000000 -0.570355 1.120923 1.120923 1.120923
3274.401611 0.000000 2011.422485 0.000000 0.460810 0.000000 -0.887499 1.128162 1.128162 1.128162
3270.893555 0.000000 2011.489014 0.000000 0.763147 0.000000 -0.646224 1.201537 1.201537 1.201537
3273.736328 0.000000 2013.207031 0.000000 0.636296 0.000000 -0.771445 1.266255 1.266255 1.266255
3269.232666 0.000000 2010.111816 0.000000 0.999989 0.000000 -0.004746 0.901727 0.901727 0.901727
3273.179932 0.000000 2011.332520 0.000000 0.995147 0.000000 0.098396 0.853497 0.853497 0.853497
3266.891113 0.000000 2010.755371 0.000000 0.695815 0.000000 0.718221 0.674962 0.674962 0.674962
3271.490234 0.000000 2012.395630 0.000000 0.842378 0.000000 -0.538888 1.177487 1.177487 1.177487
3272.730713 0.000000 2013.518799 0.000000 0.999323 0.000000 0.036782 0.884707 0.884707 0.884707
3270.675781 0.000000 2013.820190 0.000000 0.473300 0.000000 0.880901 0.374509 0.374509 0.374509
3273.722412 0.000000 2012.198120 0.000000 0.997351 0.000000 -0.072734 0.930260 0.930260 0.930260
3220.445068 0.000000 2026.338013 0.000000 0.791850 0.000000 0.610716 0.811432 0.811432 0.811432
3224.424561 0.000000 2026.473999 0.000000 0.981482 0.000000 0.191557 0.870117 0.870117 0.870117
3225.974609 0.000000 2027.267700 0.000000 0.862897 0.000000 0.505380 0.817859 0.817859 0.817859
3223.479980 0.000000 2026.877197 0.000000 0.526683 0.000000 0.850062 0.498179 0.498179 0.498179
3334.528809 0.000000 1970.858154 0.000000 0.148539 0.000000 0.988907 0.650835 0.650835 0.650835
3323.048340 0.000000 1998.564697 0.000000 0.874918 0.000000 0.484271 0.715989 0.715989 0.715989
3320.926758 0.000000 1997.000000 0.000000 0.960252 0.000000 -0.279133 0.957842 0.957842 0.957842
3323.770020 0.000000 1999.546631 0.000000 0.483066 0.000000 -0.875584 1.288254 1.288254 1.288254
3322.780029 0.000000 1995.136353 0.000000 0.971619 0.000000 -0.236550 1.010537 1.010537 1.010537
3335.309082 0.000000 1969.869507 0.000000 0.993189 0.000000 -0.116512 0.944605 0.944605 0.944605
3321.069580 0.000000 1995.909424 0.000000 0.997932 0.000000 -0.064277 0.936853 0.936853 0.936853
3320.529785 0.000000 1995.025146 0.000000 0.744977 0.000000 -0.667090 1.318429 1.318429 1.318429
3334.587891 0.000000 1968.354126 0.000000 0.672608 0.000000 -0.739999 1.218209 1.218209 1.218209
3665.610107 0.000000 1538.332397 0.000000 0.669006 0.000000 -0.743257 0.918827 0.918827 0.918827
3671.049316 0.000000 1556.293823 0.000000 0.564419 0.000000 -0.825488 0.928364 0.928364 0.928364
3663.712891 0.000000 1553.277832 0.000000 0.992728 0.000000 -0.120379 0.908405 0.908405 0.908405
3670.451416 0.000000 1537.708008 0.000000 0.735034 0.000000 0.678030 0.829687 0.829687 0.829687
3670.469238 0.000000 1547.144775 0.000000 0.641156 0.000000 -0.767410 1.004175 1.004175 1.004175
3664.972412 0.000000 1540.205566 0.000000 0.806095 0.000000 -0.591787 0.995334 0.995334 0.995334
3672.703613 0.000000 1536.363281 0.000000 0.679821 0.000000 0.733378 0.796410 0.796410 0.796410
3672.984863 0.000000 1547.933960 0.000000 0.931125 0.000000 -0.364701 0.921809 0.921809 0.921809
3672.186035 0.000000 1556.483276 0.000000 0.994474 0.000000 0.104981 0.896455 0.896455 0.896455
"}
