object={
	name="tree_leaf_01_cluster_generator_1_0"
	render_pass=Map
	clamp_to_water_level=no
	generated_content=yes
	layer="tree_high_layer"
	pdxmesh="tree_leaf_01_cluster_a_mesh"
	count=209
	transform="3725.029785 0.000000 1396.806274 0.000000 0.324350 0.000000 -0.945937 1.000000 1.000000 1.000000
3734.809082 0.000000 1397.153809 0.000000 0.387948 0.000000 0.921681 1.000000 1.000000 1.000000
3721.851807 0.000000 1393.257202 0.000000 0.295156 0.000000 0.955449 1.000000 1.000000 1.000000
3732.184082 0.000000 1400.920654 0.000000 0.803500 0.000000 -0.595305 1.000000 1.000000 1.000000
3727.259033 0.000000 1400.592529 0.000000 0.186535 0.000000 0.982448 1.000000 1.000000 1.000000
3729.827148 0.000000 1401.146484 0.000000 0.849709 0.000000 0.527251 1.000000 1.000000 1.000000
3732.394775 0.000000 1398.448853 0.000000 0.194178 0.000000 0.980966 1.000000 1.000000 1.000000
3911.165039 0.000000 1240.389282 0.000000 0.898497 0.000000 -0.438979 1.000000 1.000000 1.000000
3916.478271 0.000000 1244.637573 0.000000 0.999132 0.000000 -0.041664 1.000000 1.000000 1.000000
3941.265381 0.000000 1224.541016 0.000000 0.685422 0.000000 0.728146 1.000000 1.000000 1.000000
3905.629883 0.000000 1238.199219 0.000000 0.204738 0.000000 -0.978817 1.000000 1.000000 1.000000
3930.286865 0.000000 1238.927002 0.000000 0.679472 0.000000 0.733701 1.000000 1.000000 1.000000
3923.910156 0.000000 1242.749756 0.000000 0.770558 0.000000 0.637370 1.000000 1.000000 1.000000
3936.261230 0.000000 1231.665894 0.000000 0.927816 0.000000 -0.373037 1.000000 1.000000 1.000000
3943.142822 0.000000 1220.593262 0.000000 0.983885 0.000000 -0.178803 1.000000 1.000000 1.000000
3932.166992 0.000000 1242.739380 0.000000 0.993538 0.000000 -0.113499 1.000000 1.000000 1.000000
3927.047363 0.000000 1241.088135 0.000000 0.710624 0.000000 0.703572 1.000000 1.000000 1.000000
3938.973877 0.000000 1233.492432 0.000000 0.807976 0.000000 0.589215 1.000000 1.000000 1.000000
3918.361816 0.000000 1242.160156 0.000000 0.141511 0.000000 -0.989937 1.000000 1.000000 1.000000
3933.364014 0.000000 1238.302368 0.000000 0.131188 0.000000 0.991357 1.000000 1.000000 1.000000
3945.494141 0.000000 1214.443970 0.000000 0.269568 0.000000 -0.962981 1.000000 1.000000 1.000000
3929.737793 0.000000 1241.514282 0.000000 0.824440 0.000000 0.565950 1.000000 1.000000 1.000000
3940.816895 0.000000 1222.007446 0.000000 0.905322 0.000000 -0.424727 1.000000 1.000000 1.000000
3921.513184 0.000000 1242.223755 0.000000 0.861770 0.000000 -0.507299 1.000000 1.000000 1.000000
4012.531982 0.000000 1241.164673 0.000000 0.989859 0.000000 0.142050 1.000000 1.000000 1.000000
3999.141113 0.000000 1233.766602 0.000000 0.915319 0.000000 -0.402730 1.000000 1.000000 1.000000
3979.548584 0.000000 1232.485840 0.000000 0.988779 0.000000 0.149385 1.000000 1.000000 1.000000
3968.093262 0.000000 1247.251099 0.000000 0.598499 0.000000 0.801124 1.000000 1.000000 1.000000
4007.185059 0.000000 1245.325073 0.000000 0.687812 0.000000 0.725889 1.000000 1.000000 1.000000
4005.028320 0.000000 1229.006348 0.000000 0.215562 0.000000 -0.976490 1.000000 1.000000 1.000000
3993.417725 0.000000 1234.940918 0.000000 0.297190 0.000000 0.954818 1.000000 1.000000 1.000000
4009.463379 0.000000 1227.285278 0.000000 0.883975 0.000000 -0.467535 1.000000 1.000000 1.000000
3984.218506 0.000000 1232.470093 0.000000 0.991167 0.000000 -0.132618 1.000000 1.000000 1.000000
4016.812256 0.000000 1232.389038 0.000000 0.718631 0.000000 -0.695391 1.000000 1.000000 1.000000
3973.455322 0.000000 1239.841309 0.000000 0.118310 0.000000 0.992977 1.000000 1.000000 1.000000
4010.096436 0.000000 1221.706909 0.000000 0.473605 0.000000 0.880738 1.000000 1.000000 1.000000
3990.100098 0.000000 1232.919312 0.000000 0.874914 0.000000 0.484279 1.000000 1.000000 1.000000
4010.243164 0.000000 1243.703735 0.000000 0.852903 0.000000 -0.522070 1.000000 1.000000 1.000000
4014.812256 0.000000 1238.770142 0.000000 0.935853 0.000000 -0.352390 1.000000 1.000000 1.000000
3971.497803 0.000000 1243.706543 0.000000 0.996346 0.000000 -0.085406 1.000000 1.000000 1.000000
3974.584961 0.000000 1236.869263 0.000000 0.360109 0.000000 -0.932910 1.000000 1.000000 1.000000
4006.497559 0.000000 1226.059814 0.000000 0.983684 0.000000 0.179907 1.000000 1.000000 1.000000
4001.909668 0.000000 1235.725464 0.000000 0.830499 0.000000 -0.557020 1.000000 1.000000 1.000000
3987.088379 0.000000 1233.141602 0.000000 0.063529 0.000000 -0.997980 1.000000 1.000000 1.000000
4009.046631 0.000000 1224.441772 0.000000 0.164548 0.000000 0.986369 1.000000 1.000000 1.000000
3994.398438 0.000000 1237.620239 0.000000 0.775542 0.000000 -0.631296 1.000000 1.000000 1.000000
3968.999023 0.000000 1244.718994 0.000000 0.896765 0.000000 0.442507 1.000000 1.000000 1.000000
3999.873291 0.000000 1237.407227 0.000000 0.944893 0.000000 -0.327380 1.000000 1.000000 1.000000
4007.548828 0.000000 1229.111694 0.000000 0.256767 0.000000 0.966473 1.000000 1.000000 1.000000
3981.837158 0.000000 1233.583374 0.000000 0.239726 0.000000 0.970841 1.000000 1.000000 1.000000
3979.789062 0.000000 1234.911987 0.000000 0.985993 0.000000 -0.166784 1.000000 1.000000 1.000000
4000.932373 0.000000 1232.218384 0.000000 0.996934 0.000000 -0.078253 1.000000 1.000000 1.000000
3971.613281 0.000000 1241.385010 0.000000 0.721052 0.000000 0.692881 1.000000 1.000000 1.000000
4011.218262 0.000000 1223.712036 0.000000 0.994955 0.000000 0.100321 1.000000 1.000000 1.000000
3998.186035 0.000000 1236.065674 0.000000 0.802609 0.000000 0.596505 1.000000 1.000000 1.000000
3937.722656 0.000000 1251.413452 0.000000 0.225792 0.000000 -0.974176 1.000000 1.000000 1.000000
3948.327393 0.000000 1276.218994 0.000000 0.671465 0.000000 0.741036 1.000000 1.000000 1.000000
3949.364258 0.000000 1270.237915 0.000000 0.899630 0.000000 -0.436653 1.000000 1.000000 1.000000
3942.468994 0.000000 1262.584595 0.000000 0.220188 0.000000 -0.975457 1.000000 1.000000 1.000000
3939.208984 0.000000 1256.307983 0.000000 0.957347 0.000000 -0.288940 1.000000 1.000000 1.000000
3933.884033 0.000000 1248.282104 0.000000 0.618960 0.000000 0.785422 1.000000 1.000000 1.000000
3953.008057 0.000000 1285.677246 0.000000 0.403653 0.000000 -0.914912 1.000000 1.000000 1.000000
3951.073242 0.000000 1290.849487 0.000000 0.603126 0.000000 -0.797646 1.000000 1.000000 1.000000
3934.346191 0.000000 1251.996704 0.000000 0.043265 0.000000 -0.999064 1.000000 1.000000 1.000000
3951.842773 0.000000 1280.338867 0.000000 0.675205 0.000000 -0.737630 1.000000 1.000000 1.000000
3952.828125 0.000000 1299.605469 0.000000 0.116720 0.000000 0.993165 1.000000 1.000000 1.000000
3935.734375 0.000000 1249.941284 0.000000 0.864143 0.000000 0.503247 1.000000 1.000000 1.000000
3950.309570 0.000000 1303.684814 0.000000 0.971359 0.000000 -0.237618 1.000000 1.000000 1.000000
3950.698730 0.000000 1276.228882 0.000000 0.190192 0.000000 -0.981747 1.000000 1.000000 1.000000
3950.878174 0.000000 1293.186035 0.000000 0.982892 0.000000 -0.184185 1.000000 1.000000 1.000000
3990.082031 0.000000 1248.107300 0.000000 0.999506 0.000000 0.031423 1.000000 1.000000 1.000000
3974.905273 0.000000 1291.047729 0.000000 0.860585 0.000000 0.509307 1.000000 1.000000 1.000000
3975.916504 0.000000 1275.225220 0.000000 0.418463 0.000000 0.908234 1.000000 1.000000 1.000000
3970.282715 0.000000 1257.836426 0.000000 0.932071 0.000000 0.362276 1.000000 1.000000 1.000000
4000.898438 0.000000 1248.202637 0.000000 0.214102 0.000000 0.976811 1.000000 1.000000 1.000000
3970.681396 0.000000 1268.545776 0.000000 0.259582 0.000000 -0.965721 1.000000 1.000000 1.000000
3961.536621 0.000000 1304.868042 0.000000 0.060557 0.000000 -0.998165 1.000000 1.000000 1.000000
3983.004639 0.000000 1252.934814 0.000000 0.494274 0.000000 0.869306 1.000000 1.000000 1.000000
3968.566162 0.000000 1250.732544 0.000000 0.073093 0.000000 -0.997325 1.000000 1.000000 1.000000
3979.212158 0.000000 1269.849487 0.000000 0.817463 0.000000 -0.575981 1.000000 1.000000 1.000000
3976.447021 0.000000 1304.663574 0.000000 0.936271 0.000000 0.351278 1.000000 1.000000 1.000000
3982.366211 0.000000 1258.929688 0.000000 0.334975 0.000000 -0.942227 1.000000 1.000000 1.000000
3963.744873 0.000000 1299.333008 0.000000 0.487002 0.000000 0.873401 1.000000 1.000000 1.000000
3995.550781 0.000000 1249.551270 0.000000 0.211452 0.000000 -0.977389 1.000000 1.000000 1.000000
3988.332275 0.000000 1253.798950 0.000000 0.437451 0.000000 -0.899242 1.000000 1.000000 1.000000
3974.235840 0.000000 1309.242798 0.000000 0.046700 0.000000 -0.998909 1.000000 1.000000 1.000000
3963.659180 0.000000 1290.584717 0.000000 0.869575 0.000000 -0.493800 1.000000 1.000000 1.000000
3963.563721 0.000000 1276.941162 0.000000 0.078970 0.000000 0.996877 1.000000 1.000000 1.000000
3960.953613 0.000000 1259.980835 0.000000 0.654388 0.000000 -0.756159 1.000000 1.000000 1.000000
4005.876221 0.000000 1248.282104 0.000000 0.789072 0.000000 -0.614300 1.000000 1.000000 1.000000
3974.825684 0.000000 1270.899048 0.000000 0.651170 0.000000 0.758932 1.000000 1.000000 1.000000
3965.222412 0.000000 1259.871826 0.000000 0.403978 0.000000 -0.914769 1.000000 1.000000 1.000000
3963.686279 0.000000 1294.937866 0.000000 0.993751 0.000000 -0.111615 1.000000 1.000000 1.000000
3959.720215 0.000000 1308.808716 0.000000 0.996974 0.000000 0.077740 1.000000 1.000000 1.000000
3976.026611 0.000000 1266.878418 0.000000 0.995854 0.000000 -0.090967 1.000000 1.000000 1.000000
3972.216309 0.000000 1276.390259 0.000000 0.430499 0.000000 -0.902591 1.000000 1.000000 1.000000
3967.702881 0.000000 1278.994751 0.000000 0.416658 0.000000 0.909063 1.000000 1.000000 1.000000
3992.208008 0.000000 1251.176636 0.000000 0.514058 0.000000 0.857755 1.000000 1.000000 1.000000
3980.648926 0.000000 1255.737061 0.000000 0.150257 0.000000 0.988647 1.000000 1.000000 1.000000
3981.900146 0.000000 1262.451172 0.000000 0.962776 0.000000 -0.270300 1.000000 1.000000 1.000000
3966.211426 0.000000 1247.929443 0.000000 0.936090 0.000000 0.351760 1.000000 1.000000 1.000000
3980.998291 0.000000 1266.044678 0.000000 0.939904 0.000000 0.341438 1.000000 1.000000 1.000000
3967.690674 0.000000 1271.898193 0.000000 0.579480 0.000000 0.814987 1.000000 1.000000 1.000000
4002.014404 0.000000 1251.384399 0.000000 0.470292 0.000000 0.882511 1.000000 1.000000 1.000000
3963.132080 0.000000 1273.466553 0.000000 0.693399 0.000000 0.720554 1.000000 1.000000 1.000000
4009.439453 0.000000 1247.893188 0.000000 0.936491 0.000000 0.350693 1.000000 1.000000 1.000000
3979.056885 0.000000 1322.279907 0.000000 0.570007 0.000000 0.821640 1.000000 1.000000 1.000000
3981.644043 0.000000 1326.128418 0.000000 0.879990 0.000000 -0.474993 1.000000 1.000000 1.000000
3977.455811 0.000000 1301.725342 0.000000 0.208175 0.000000 -0.978092 1.000000 1.000000 1.000000
3975.112305 0.000000 1294.087891 0.000000 0.968449 0.000000 -0.249211 1.000000 1.000000 1.000000
3963.297607 0.000000 1302.379028 0.000000 0.807389 0.000000 0.590020 1.000000 1.000000 1.000000
3973.457764 0.000000 1268.462402 0.000000 0.173092 0.000000 0.984906 1.000000 1.000000 1.000000
3970.114014 0.000000 1277.955444 0.000000 0.959049 0.000000 -0.283239 1.000000 1.000000 1.000000
3962.975342 0.000000 1258.361694 0.000000 0.999916 0.000000 0.012937 1.000000 1.000000 1.000000
3978.720947 0.000000 1267.301392 0.000000 0.747887 0.000000 -0.663826 1.000000 1.000000 1.000000
3962.141846 0.000000 1292.733765 0.000000 0.995254 0.000000 -0.097310 1.000000 1.000000 1.000000
3969.320312 0.000000 1247.947876 0.000000 0.493493 0.000000 0.869750 1.000000 1.000000 1.000000
3976.669189 0.000000 1269.232056 0.000000 0.613577 0.000000 -0.789635 1.000000 1.000000 1.000000
3961.533691 0.000000 1275.685059 0.000000 0.239339 0.000000 -0.970936 1.000000 1.000000 1.000000
3965.363281 0.000000 1256.251709 0.000000 0.513074 0.000000 -0.858345 1.000000 1.000000 1.000000
3975.004150 0.000000 1307.071411 0.000000 0.995999 0.000000 -0.089368 1.000000 1.000000 1.000000
3977.521484 0.000000 1296.444458 0.000000 0.991889 0.000000 0.127105 1.000000 1.000000 1.000000
3961.670898 0.000000 1307.521484 0.000000 0.906453 0.000000 0.422306 1.000000 1.000000 1.000000
3963.356445 0.000000 1316.850830 0.000000 0.926404 0.000000 -0.376530 1.000000 1.000000 1.000000
3965.532227 0.000000 1272.511475 0.000000 0.479807 0.000000 -0.877374 1.000000 1.000000 1.000000
3969.697510 0.000000 1270.845825 0.000000 0.916630 0.000000 0.399738 1.000000 1.000000 1.000000
3976.494141 0.000000 1299.834473 0.000000 0.088966 0.000000 -0.996035 1.000000 1.000000 1.000000
3983.315918 0.000000 1260.820068 0.000000 0.557303 0.000000 0.830309 1.000000 1.000000 1.000000
3981.079346 0.000000 1253.763062 0.000000 0.591760 0.000000 0.806114 1.000000 1.000000 1.000000
3968.809082 0.000000 1256.482910 0.000000 0.941418 0.000000 0.337241 1.000000 1.000000 1.000000
3767.180664 0.000000 1432.358032 0.000000 0.825017 0.000000 -0.565107 1.000000 1.000000 1.000000
3760.376465 0.000000 1416.226562 0.000000 0.523591 0.000000 -0.851970 1.000000 1.000000 1.000000
3771.715576 0.000000 1421.775391 0.000000 0.842184 0.000000 -0.539190 1.000000 1.000000 1.000000
3766.248291 0.000000 1439.737671 0.000000 0.714655 0.000000 -0.699477 1.000000 1.000000 1.000000
3756.211914 0.000000 1421.284668 0.000000 0.036376 0.000000 -0.999338 1.000000 1.000000 1.000000
3771.544678 0.000000 1427.994873 0.000000 0.223604 0.000000 0.974680 1.000000 1.000000 1.000000
3772.493896 0.000000 1436.606323 0.000000 0.980914 0.000000 0.194444 1.000000 1.000000 1.000000
3766.239502 0.000000 1418.817627 0.000000 0.534418 0.000000 0.845220 1.000000 1.000000 1.000000
3749.057373 0.000000 1405.515015 0.000000 0.680507 0.000000 -0.732741 1.000000 1.000000 1.000000
3786.302490 0.000000 1430.895752 0.000000 0.905755 0.000000 -0.423801 1.000000 1.000000 1.000000
3755.503418 0.000000 1413.739990 0.000000 0.554996 0.000000 0.831853 1.000000 1.000000 1.000000
3779.925781 0.000000 1434.718506 0.000000 0.453899 0.000000 0.891053 1.000000 1.000000 1.000000
3760.668701 0.000000 1420.781616 0.000000 0.979785 0.000000 0.200052 1.000000 1.000000 1.000000
3754.490479 0.000000 1417.672607 0.000000 0.161990 0.000000 -0.986792 1.000000 1.000000 1.000000
3776.491699 0.000000 1436.447998 0.000000 0.986408 0.000000 0.164313 1.000000 1.000000 1.000000
3783.062988 0.000000 1433.056885 0.000000 0.975424 0.000000 -0.220337 1.000000 1.000000 1.000000
3750.873779 0.000000 1408.424194 0.000000 0.384912 0.000000 -0.922953 1.000000 1.000000 1.000000
3763.080322 0.000000 1418.264282 0.000000 0.178356 0.000000 -0.983966 1.000000 1.000000 1.000000
3768.693115 0.000000 1420.827026 0.000000 0.748073 0.000000 0.663616 1.000000 1.000000 1.000000
3789.379639 0.000000 1430.271118 0.000000 0.978693 0.000000 -0.205331 1.000000 1.000000 1.000000
3771.111816 0.000000 1425.110352 0.000000 0.894493 0.000000 0.447083 1.000000 1.000000 1.000000
3752.599854 0.000000 1410.731934 0.000000 0.442074 0.000000 -0.896979 1.000000 1.000000 1.000000
3747.909912 0.000000 1402.647827 0.000000 0.994928 0.000000 -0.100591 1.000000 1.000000 1.000000
3769.916992 0.000000 1433.843262 0.000000 0.819235 0.000000 0.573458 1.000000 1.000000 1.000000
3785.753418 0.000000 1433.483032 0.000000 0.680859 0.000000 -0.732414 1.000000 1.000000 1.000000
3746.302734 0.000000 1405.673096 0.000000 0.432840 0.000000 -0.901471 1.000000 1.000000 1.000000
3766.041016 0.000000 1437.141113 0.000000 0.995289 0.000000 -0.096957 1.000000 1.000000 1.000000
3752.911621 0.000000 1415.751221 0.000000 0.209156 0.000000 0.977882 1.000000 1.000000 1.000000
3777.528809 0.000000 1434.192505 0.000000 0.587975 0.000000 -0.808879 1.000000 1.000000 1.000000
3754.306152 0.000000 1449.805176 0.000000 0.533396 0.000000 0.845866 1.000000 1.000000 1.000000
3760.920898 0.000000 1447.896118 0.000000 0.241321 0.000000 0.970445 1.000000 1.000000 1.000000
3752.225830 0.000000 1454.987793 0.000000 0.558381 0.000000 0.829585 1.000000 1.000000 1.000000
3764.067627 0.000000 1441.285156 0.000000 0.397983 0.000000 -0.917393 1.000000 1.000000 1.000000
3757.481689 0.000000 1448.849976 0.000000 0.413699 0.000000 0.910414 1.000000 1.000000 1.000000
3752.588379 0.000000 1452.137939 0.000000 0.987343 0.000000 -0.158600 1.000000 1.000000 1.000000
3764.618652 0.000000 1443.744995 0.000000 0.240835 0.000000 0.970566 1.000000 1.000000 1.000000
3947.033936 0.000000 1413.904541 0.000000 0.429214 0.000000 0.903203 1.000000 1.000000 1.000000
3934.729980 0.000000 1403.196777 0.000000 0.937998 0.000000 -0.346640 1.000000 1.000000 1.000000
3941.807861 0.000000 1378.981201 0.000000 0.959488 0.000000 0.281748 1.000000 1.000000 1.000000
3957.724854 0.000000 1404.266235 0.000000 0.916332 0.000000 -0.400419 1.000000 1.000000 1.000000
3934.140137 0.000000 1414.861450 0.000000 0.934640 0.000000 0.355596 1.000000 1.000000 1.000000
3945.414551 0.000000 1403.486816 0.000000 0.315679 0.000000 0.948866 1.000000 1.000000 1.000000
3938.545654 0.000000 1388.506714 0.000000 0.986735 0.000000 0.162341 1.000000 1.000000 1.000000
3933.234375 0.000000 1394.970703 0.000000 0.118426 0.000000 0.992963 1.000000 1.000000 1.000000
3940.196533 0.000000 1409.755859 0.000000 0.856001 0.000000 -0.516975 1.000000 1.000000 1.000000
3952.985352 0.000000 1409.684326 0.000000 0.519892 0.000000 0.854232 1.000000 1.000000 1.000000
3933.270264 0.000000 1408.927979 0.000000 0.399645 0.000000 0.916670 1.000000 1.000000 1.000000
3930.502197 0.000000 1399.914429 0.000000 0.642555 0.000000 0.766240 1.000000 1.000000 1.000000
3947.496582 0.000000 1408.685913 0.000000 0.082771 0.000000 -0.996569 1.000000 1.000000 1.000000
3950.785645 0.000000 1397.153809 0.000000 0.885974 0.000000 0.463735 1.000000 1.000000 1.000000
3945.350830 0.000000 1368.639038 0.000000 0.576364 0.000000 -0.817193 1.000000 1.000000 1.000000
3945.874756 0.000000 1381.334351 0.000000 0.222370 0.000000 -0.974962 1.000000 1.000000 1.000000
3949.788330 0.000000 1383.461304 0.000000 0.870498 0.000000 -0.492171 1.000000 1.000000 1.000000
3937.252930 0.000000 1406.657593 0.000000 0.736748 0.000000 0.676167 1.000000 1.000000 1.000000
3953.557129 0.000000 1405.555054 0.000000 0.884278 0.000000 -0.466961 1.000000 1.000000 1.000000
3948.602783 0.000000 1389.423828 0.000000 0.596241 0.000000 -0.802806 1.000000 1.000000 1.000000
3943.142822 0.000000 1412.562012 0.000000 0.414295 0.000000 0.910143 1.000000 1.000000 1.000000
3949.318359 0.000000 1405.214966 0.000000 0.538544 0.000000 -0.842598 1.000000 1.000000 1.000000
3935.097900 0.000000 1390.807495 0.000000 0.669959 0.000000 0.742399 1.000000 1.000000 1.000000
3943.682373 0.000000 1408.897339 0.000000 0.997488 0.000000 0.070841 1.000000 1.000000 1.000000
3935.124756 0.000000 1384.488403 0.000000 0.434998 0.000000 0.900431 1.000000 1.000000 1.000000
3949.876221 0.000000 1411.250854 0.000000 0.933179 0.000000 -0.359412 1.000000 1.000000 1.000000
3951.073242 0.000000 1386.833862 0.000000 0.701640 0.000000 -0.712531 1.000000 1.000000 1.000000
3950.921631 0.000000 1393.711182 0.000000 0.968661 0.000000 -0.248387 1.000000 1.000000 1.000000
3953.562500 0.000000 1399.122925 0.000000 0.998474 0.000000 0.055231 1.000000 1.000000 1.000000
3944.971680 0.000000 1373.058228 0.000000 0.176484 0.000000 0.984304 1.000000 1.000000 1.000000
3954.626709 0.000000 1402.705444 0.000000 0.223062 0.000000 0.974804 1.000000 1.000000 1.000000
3933.676514 0.000000 1405.972290 0.000000 0.568137 0.000000 -0.822934 1.000000 1.000000 1.000000
3931.266357 0.000000 1397.058960 0.000000 0.259550 0.000000 0.965730 1.000000 1.000000 1.000000
3942.954834 0.000000 1375.567871 0.000000 0.560556 0.000000 -0.828116 1.000000 1.000000 1.000000
3930.612793 0.000000 1394.295166 0.000000 0.812196 0.000000 -0.583384 1.000000 1.000000 1.000000
3942.621582 0.000000 1403.106567 0.000000 0.404724 0.000000 0.914439 1.000000 1.000000 1.000000
3940.816895 0.000000 1413.976196 0.000000 0.995027 0.000000 -0.099607 1.000000 1.000000 1.000000
3932.375000 0.000000 1401.692627 0.000000 0.947548 0.000000 -0.319613 1.000000 1.000000 1.000000
3936.034180 0.000000 1381.320190 0.000000 0.611808 0.000000 -0.791006 1.000000 1.000000 1.000000
3948.590820 0.000000 1381.020020 0.000000 0.203062 0.000000 0.979166 1.000000 1.000000 1.000000
3940.943848 0.000000 1389.580078 0.000000 0.991056 0.000000 -0.133450 1.000000 1.000000 1.000000
3932.883545 0.000000 1403.984985 0.000000 0.841860 0.000000 -0.539696 1.000000 1.000000 1.000000
3959.720215 0.000000 1404.793091 0.000000 0.883213 0.000000 0.468972 1.000000 1.000000 1.000000
"}
