object={
	name="tree_leaf_birch_01_single_generator_1_0"
	render_pass=Map
	clamp_to_water_level=no
	generated_content=yes
	layer="tree_high_layer"
	pdxmesh="tree_leaf_birch_01_single_a_mesh"
	count=22
	transform="3921.712402 0.000000 1219.766113 0.000000 0.524429 0.000000 0.851454 1.000000 1.000000 1.000000
3927.148926 0.000000 1233.766602 0.000000 0.643485 0.000000 0.765458 1.000000 1.000000 1.000000
3915.699951 0.000000 1229.806641 0.000000 0.864602 0.000000 -0.502457 1.000000 1.000000 1.000000
3940.876465 0.000000 1230.576172 0.000000 0.148090 0.000000 0.988974 1.000000 1.000000 1.000000
3947.496582 0.000000 1216.717163 0.000000 0.885117 0.000000 0.465368 1.000000 1.000000 1.000000
3940.529541 0.000000 1246.454102 0.000000 0.716095 0.000000 0.698003 1.000000 1.000000 1.000000
3925.116455 0.000000 1238.125366 0.000000 0.602535 0.000000 0.798092 1.000000 1.000000 1.000000
3936.261230 0.000000 1231.665894 0.000000 0.927816 0.000000 -0.373037 1.000000 1.000000 1.000000
3931.429199 0.000000 1233.007202 0.000000 0.981959 0.000000 -0.189093 1.000000 1.000000 1.000000
3915.096191 0.000000 1233.141602 0.000000 0.032104 0.000000 0.999485 1.000000 1.000000 1.000000
3922.406250 0.000000 1237.620239 0.000000 0.749715 0.000000 -0.661760 1.000000 1.000000 1.000000
3938.398926 0.000000 1230.080444 0.000000 0.977640 0.000000 0.210285 1.000000 1.000000 1.000000
3935.556641 0.000000 1229.111694 0.000000 0.499636 0.000000 -0.866235 1.000000 1.000000 1.000000
3943.386475 0.000000 1230.190552 0.000000 0.895034 0.000000 -0.445999 1.000000 1.000000 1.000000
3933.661133 0.000000 1231.656738 0.000000 0.960677 0.000000 0.277669 1.000000 1.000000 1.000000
3931.232178 0.000000 1230.706665 0.000000 0.923583 0.000000 0.383398 1.000000 1.000000 1.000000
3926.193848 0.000000 1236.065674 0.000000 0.972485 0.000000 0.232965 1.000000 1.000000 1.000000
3933.645508 0.000000 1246.780884 0.000000 0.942834 0.000000 -0.333264 1.000000 1.000000 1.000000
3926.965820 0.000000 1239.126709 0.000000 0.571729 0.000000 0.820443 1.000000 1.000000 1.000000
3935.551270 0.000000 1247.334351 0.000000 0.999324 0.000000 -0.036760 1.000000 1.000000 1.000000
3939.393799 0.000000 1231.684570 0.000000 0.907049 0.000000 0.421025 1.000000 1.000000 1.000000
3928.745605 0.000000 1239.958496 0.000000 0.618023 0.000000 0.786160 1.000000 1.000000 1.000000
"}
