object={
	name="lakes"
	render_pass=Map
	clamp_to_water_level=yes
	generated_content=no
	layer="lake_layer"
	pdxmesh="lake_mesh"
	count=188
	transform="1629.553833 4.684082 3660.713135 0.000000 0.958817 0.000000 0.284025 23.452776 23.452776 23.452776
1656.252441 4.262939 3676.419922 0.000000 -0.368940 0.000000 0.929453 12.955360 12.955360 12.955360
1669.968872 2.086425 3679.143555 0.000000 -0.460543 0.000000 0.887637 12.955360 12.955360 12.955360
1649.773438 3.378174 3714.163574 0.000000 -0.074196 0.000000 0.997244 13.320437 13.320437 13.320437
1671.159058 3.378174 3716.019043 0.000000 -0.074196 0.000000 0.997244 13.320437 13.320437 13.320437
1710.076904 3.459229 3705.400146 0.000000 -0.788062 0.000000 0.615596 13.320437 13.320437 13.320437
1722.944580 3.459229 3707.465332 0.000000 -0.788062 0.000000 0.615596 13.320437 13.320437 13.320437
1734.979858 3.459229 3711.437988 0.000000 -0.996473 0.000000 0.083912 13.320437 13.320437 13.320437
1814.563599 3.206787 2791.905762 0.000000 0.922850 0.000000 0.385160 40.296894 40.296894 40.296894
1850.648315 2.417969 2813.257568 0.000000 0.958713 0.000000 0.284377 21.779804 21.779804 21.779804
874.574097 3.384277 2803.094238 0.000000 -0.984848 0.000000 -0.173417 19.806805 19.806805 19.806805
804.698486 1.986572 2816.992188 0.000000 -0.317556 0.000000 0.948239 9.957167 9.957167 9.957167
1641.164307 1.401855 5937.697754 0.000000 0.718860 0.000000 -0.695155 10.943586 10.943586 10.943586
1638.993896 1.401855 5930.705078 0.000000 0.718860 0.000000 -0.695155 10.943586 10.943586 10.943586
1650.324463 1.147461 6121.776855 0.000000 -0.758414 0.000000 -0.651773 27.269022 27.269022 27.269022
1639.792725 0.500000 6042.990234 0.000000 -0.758414 0.000000 -0.651773 82.858986 82.858986 82.858986
1646.271606 1.401855 5930.833496 0.000000 0.718860 0.000000 -0.695155 10.943586 10.943586 10.943586
1553.014526 2.014648 5964.929688 0.000000 0.836129 0.000000 0.548532 36.920357 36.920357 36.920357
1446.797485 2.648438 6018.519043 0.000000 -0.049738 0.000000 0.998762 69.792229 69.792229 69.792229
1500.603760 2.648438 6036.421875 0.000000 -0.280224 0.000000 0.959935 46.452751 46.452751 46.452751
1399.044678 5.549316 5925.484375 0.000000 0.558587 0.000000 0.829446 42.184834 42.184834 42.184834
1573.267090 5.687012 4932.241699 0.000000 0.746075 0.000000 0.665862 34.376530 34.376530 34.376530
1563.734497 5.687012 4878.069824 0.000000 0.746075 0.000000 0.665862 34.376530 34.376530 34.376530
1557.867920 5.687012 4831.566895 0.000000 0.688918 0.000000 0.724840 17.559956 17.559956 17.559956
1557.532471 5.687012 4802.369629 0.000000 0.688918 0.000000 0.724840 17.559956 17.559956 17.559956
1851.969727 1.840820 4867.062012 0.000000 -0.977519 0.000000 0.210849 8.321038 8.321038 8.321038
1858.787842 1.840820 4850.026855 0.000000 -0.823461 0.000000 0.567374 16.733587 16.733587 16.733587
1140.262207 5.968262 4479.897461 0.000000 -0.816923 0.000000 0.576748 11.970589 11.970589 11.970589
1154.414673 5.968262 4444.233398 0.000000 -0.999896 0.000000 0.014460 7.060579 7.060579 7.060579
1143.405762 5.968262 4454.780762 0.000000 -0.999896 0.000000 0.014460 18.184189 18.184189 18.184189
1116.101074 5.968262 4479.704102 0.000000 0.589851 0.000000 0.807512 43.869663 43.869663 43.869663
1099.495850 5.968262 4463.271973 0.000000 -0.627719 0.000000 0.778440 25.952644 25.952644 25.952644
1097.747803 5.968262 4437.556152 0.000000 -0.344981 0.000000 0.938610 13.266553 13.266553 13.266553
958.624634 5.892090 4465.739258 0.000000 0.706488 0.000000 0.707725 38.118546 38.118546 38.118546
961.070557 5.892090 4551.966309 0.000000 0.706488 0.000000 0.707725 40.345425 40.345425 40.345425
1300.936157 4.509766 4627.333496 0.000000 -0.381985 0.000000 -0.924168 14.963820 14.963820 14.963820
1315.008423 4.509766 4618.325195 0.000000 -0.381985 0.000000 -0.924168 14.963820 14.963820 14.963820
3516.260742 4.235107 3229.624512 0.000000 0.879610 0.000000 0.475695 39.761379 39.761379 39.761379
3508.649414 4.044677 3209.534180 0.000000 0.786047 0.000000 0.618167 39.761379 39.761379 39.761379
6386.393066 5.729736 2445.851807 0.000000 0.447737 0.000000 0.894165 108.771584 108.771584 108.771584
6308.726074 5.729736 2502.847656 0.000000 0.447737 0.000000 0.894165 108.771584 108.771584 108.771584
8966.750000 4.391113 1784.645630 0.000000 -0.239166 0.000000 -0.970979 172.410614 172.410614 172.410614
7629.802246 2.696045 2633.253418 0.000000 -0.665893 0.000000 -0.746048 46.231247 46.231247 46.231247
7565.947266 4.151611 2656.687744 0.000000 -0.828299 0.000000 -0.560286 51.473076 51.473076 51.473076
7548.748047 4.151611 2691.401123 0.000000 -0.828299 0.000000 -0.560286 51.473076 51.473076 51.473076
8296.677734 6.961914 2802.088379 0.000000 -0.681364 0.000000 -0.731945 409.977997 409.977997 409.977997
2860.341309 3.298339 2757.945312 0.000000 -0.522078 0.000000 0.852898 50.441822 50.441822 50.441822
4991.108887 3.842773 3120.685547 0.000000 -0.242019 0.000000 0.970272 21.458406 21.458406 21.458406
5009.645996 3.842773 3148.095947 0.000000 -0.728062 0.000000 0.685511 43.511700 43.511700 43.511700
4887.840332 7.391602 3203.477783 0.000000 -0.996945 0.000000 -0.078111 67.249237 67.249237 67.249237
4891.143066 7.391602 3243.094971 0.000000 -0.996945 0.000000 -0.078111 67.249237 67.249237 67.249237
2855.689453 2.787598 2207.013184 0.000000 -0.832245 0.000000 -0.554408 36.290218 36.290218 36.290218
1583.753418 0.000000 3462.315186 0.000000 0.000000 0.000000 1.000000 1.000000 1.000000 1.000000
1087.408936 -3.010742 5966.739258 0.000000 -0.864057 0.000000 0.503394 7.599324 7.599324 7.599324
1097.771484 0.452148 5952.354004 0.000000 -0.864057 0.000000 0.503394 7.599324 7.599324 7.599324
1085.526123 0.690430 5959.732910 0.000000 -0.498477 0.000000 -0.866903 2.668399 2.668399 2.668399
1581.101807 1.134766 5107.379883 0.000000 0.822493 0.000000 -0.568775 8.166448 8.166448 8.166448
1516.696655 1.495117 5111.174805 0.000000 1.000000 0.000000 0.000331 8.974022 8.974022 8.974022
1377.736572 -0.124023 5017.245117 0.000000 0.000000 0.000000 1.000000 8.082373 8.082373 8.082373
847.921631 0.166992 5375.924316 0.000000 0.764572 0.000000 0.644539 5.208396 5.208396 5.208396
851.869324 0.222656 5399.130859 0.000000 0.000000 0.000000 1.000000 16.831793 16.831793 16.831793
1093.542480 0.671387 5539.075684 0.000000 -0.997266 0.000000 -0.073896 25.929104 25.929104 25.929104
1753.546509 0.541504 4560.198242 0.000000 0.000000 0.000000 1.000000 18.719782 18.719782 18.719782
1767.538696 -0.900879 4461.756348 0.000000 -0.920037 0.000000 -0.391833 19.209433 19.209433 19.209433
1742.121460 0.488770 4477.583984 0.000000 0.000000 0.000000 1.000000 11.595661 11.595661 11.595661
1705.394165 -0.303223 4533.520020 0.000000 0.000000 0.000000 1.000000 18.719782 18.719782 18.719782
1710.504761 0.884766 4510.198730 0.000000 0.000000 0.000000 1.000000 18.719782 18.719782 18.719782
1749.807739 -0.004883 4554.527832 0.000000 0.457642 0.000000 0.889136 25.676960 25.676960 25.676960
1735.242065 0.778320 4439.235840 0.000000 0.107473 0.000000 0.994208 10.627148 10.627148 10.627148
1829.227295 0.468262 4551.301270 0.000000 -0.334188 0.000000 0.942506 12.931495 12.931495 12.931495
1767.594360 1.535400 3470.406006 0.000000 -0.467861 0.000000 -0.883802 14.105581 14.105581 14.105581
1997.948608 0.692139 3686.604980 0.000000 -0.138696 0.000000 0.990335 7.429270 7.429270 7.429270
1747.121338 1.220459 3726.892334 0.000000 0.000000 0.000000 1.000000 11.555201 11.555201 11.555201
1589.343506 0.997802 3785.834473 0.000000 0.055986 0.000000 0.998432 23.574926 23.574926 23.574926
1407.708740 1.755249 2000.990845 0.000000 0.000000 0.000000 1.000000 3.132044 3.132044 3.132044
1595.746704 1.485107 2144.920654 0.000000 0.954107 0.000000 0.299467 21.169661 21.169661 21.169661
2140.734619 0.683838 2673.032959 0.000000 -0.282976 0.000000 0.959127 8.440893 8.440893 8.440893
2174.125244 1.121582 2672.418945 0.000000 0.531391 0.000000 0.847127 2.616089 2.616089 2.616089
2181.489258 0.301514 2701.922852 0.000000 0.000000 0.000000 1.000000 5.030715 5.030715 5.030715
1017.936523 1.841797 3386.731445 0.000000 0.395980 0.000000 0.918259 6.716154 6.716154 6.716154
1089.563721 0.914307 3349.213379 0.000000 0.460630 0.000000 -0.887592 6.412842 6.412842 6.412842
1037.251831 1.060303 3336.268799 0.000000 0.929063 0.000000 0.369922 5.673364 5.673364 5.673364
978.294922 0.419922 3345.706543 0.000000 0.321611 0.000000 0.946872 4.945209 4.945209 4.945209
1032.458008 0.089844 3292.030762 0.000000 0.974664 0.000000 0.223673 8.646786 8.646786 8.646786
1019.089966 0.287354 3294.581787 0.000000 0.591741 0.000000 0.806128 8.646786 8.646786 8.646786
1010.133118 0.718018 3295.232178 0.000000 0.807465 0.000000 0.589915 7.426553 7.426553 7.426553
1051.298706 1.023926 3307.683105 0.000000 -0.720476 0.000000 0.693479 8.923902 8.923902 8.923902
1076.414062 0.680908 3342.191162 0.000000 0.174697 0.000000 0.984622 10.433301 10.433301 10.433301
2080.096436 0.676025 3178.453857 0.000000 0.115980 0.000000 0.993252 2.601562 2.601562 2.601562
2080.467041 0.841797 3180.389160 0.000000 0.115980 0.000000 0.993252 2.601562 2.601562 2.601562
855.529968 1.148193 3299.050293 0.000000 -0.900294 0.000000 0.435282 4.764209 4.764209 4.764209
1905.515991 2.099854 2459.863037 0.000000 -0.014312 0.000000 0.999898 7.678749 7.678749 7.678749
829.767395 -0.292480 4663.508301 0.000000 0.280407 0.000000 0.959881 10.400414 10.400414 10.400414
1445.529175 1.607666 3694.264404 0.000000 0.703159 0.000000 0.711032 8.907887 8.907887 8.907887
1465.394531 0.791016 3627.511475 0.000000 0.929615 0.000000 -0.368533 14.268360 14.268360 14.268360
1421.244873 0.466797 3670.633789 0.000000 0.699629 0.000000 -0.714506 10.332323 10.332323 10.332323
1413.475098 0.499024 3674.582031 0.000000 0.699629 0.000000 -0.714506 9.110345 9.110345 9.110345
1444.619751 1.014404 3657.847412 0.000000 0.421076 0.000000 0.907026 9.110345 9.110345 9.110345
1500.398682 1.837647 3755.800293 0.000000 0.023268 0.000000 0.999729 9.110345 9.110345 9.110345
1465.848022 1.257568 3727.287109 0.000000 0.567654 0.000000 0.823267 15.066342 15.066342 15.066342
1419.192505 0.174316 3702.594971 0.000000 0.567654 0.000000 0.823267 8.997151 8.997151 8.997151
1408.055908 1.068359 3703.810303 0.000000 0.567654 0.000000 0.823267 10.337840 10.337840 10.337840
1405.135498 1.193359 3698.287354 0.000000 0.567654 0.000000 0.823267 10.337840 10.337840 10.337840
1437.363892 1.286865 3695.926270 0.000000 0.628063 0.000000 0.778162 7.360197 7.360197 7.360197
1506.142578 0.062500 3808.354248 0.000000 0.000000 0.000000 1.000000 8.817969 8.817969 8.817969
2110.427490 0.517334 2120.060791 0.000000 -0.345568 0.000000 0.938394 5.246258 5.246258 5.246258
2132.697998 0.451416 2101.282959 0.000000 -0.345568 0.000000 0.938394 2.826974 2.826974 2.826974
2130.960938 0.321289 2102.877930 0.000000 -0.345568 0.000000 0.938394 2.401793 2.401793 2.401793
2160.205322 1.016114 2098.314453 0.000000 -0.345568 0.000000 0.938394 3.715964 3.715964 3.715964
2157.517822 0.412598 2100.781982 0.000000 -0.345568 0.000000 0.938394 3.715964 3.715964 3.715964
2144.151611 0.833252 2079.079590 0.000000 -0.345568 0.000000 0.938394 6.642719 6.642719 6.642719
1332.172363 0.597656 3114.855225 0.000000 0.926699 0.000000 0.375804 5.780542 5.780542 5.780542
1368.349487 0.846191 4692.390137 0.000000 -0.712140 0.000000 0.702038 1.781259 1.781259 1.781259
1341.989868 0.713867 4693.481934 0.000000 -0.525645 0.000000 -0.850704 2.734951 2.734951 2.734951
1346.147583 0.796387 4705.435059 0.000000 0.996203 0.000000 0.087061 1.646360 1.646360 1.646360
1342.394287 0.118164 4703.642578 0.000000 0.374558 0.000000 -0.927204 1.379094 1.379094 1.379094
1345.134644 0.123535 4699.670410 0.000000 0.972907 0.000000 -0.231198 4.579501 4.579501 4.579501
1347.925049 0.919433 4705.166504 0.000000 0.061813 0.000000 -0.998088 1.948385 1.948385 1.948385
1347.177002 0.023437 4704.067383 0.000000 0.061813 0.000000 -0.998088 2.734951 2.734951 2.734951
1350.995483 0.349121 4704.545898 0.000000 -0.039333 0.000000 -0.999226 2.592595 2.592595 2.592595
1355.037720 0.959473 4704.703613 0.000000 -0.999984 0.000000 -0.005727 1.739115 1.739115 1.739115
1357.208008 0.526367 4704.652344 0.000000 -0.970645 0.000000 0.240519 1.609442 1.609442 1.609442
1360.060913 1.138672 4703.201660 0.000000 -0.970645 0.000000 0.240519 1.672546 1.672546 1.672546
1362.813599 1.138672 4701.569336 0.000000 -0.970645 0.000000 0.240519 1.609442 1.609442 1.609442
1365.088867 0.792480 4699.797363 0.000000 -0.925646 0.000000 0.378391 1.609442 1.609442 1.609442
1367.348145 1.080078 4697.767578 0.000000 -0.923179 0.000000 0.384371 1.609442 1.609442 1.609442
1368.317017 0.739258 4696.327637 0.000000 -0.812481 0.000000 0.582988 1.409388 1.409388 1.409388
1368.246704 0.825684 4695.126465 0.000000 0.003052 0.000000 0.999995 1.409388 1.409388 1.409388
1368.530762 0.610352 4688.903320 0.000000 -0.712140 0.000000 0.702038 1.781259 1.781259 1.781259
1368.433594 0.660645 4685.716797 0.000000 -0.712140 0.000000 0.702038 1.781259 1.781259 1.781259
1368.356445 0.529297 4682.226074 0.000000 -0.712140 0.000000 0.702038 1.781259 1.781259 1.781259
1365.873169 0.492676 4681.475586 0.000000 -0.999998 0.000000 -0.001805 1.781259 1.781259 1.781259
1362.361084 0.970703 4681.543457 0.000000 -0.999998 0.000000 -0.001805 1.781259 1.781259 1.781259
1358.971191 0.549805 4681.568359 0.000000 -0.999998 0.000000 -0.001805 1.781259 1.781259 1.781259
1356.085083 0.634766 4681.467285 0.000000 -0.999998 0.000000 -0.001805 1.781259 1.781259 1.781259
1352.630615 0.634766 4681.483887 0.000000 -0.999998 0.000000 -0.001805 1.781259 1.781259 1.781259
1349.801147 0.634766 4681.606934 0.000000 -0.995442 0.000000 0.095370 1.781259 1.781259 1.781259
1347.342651 0.634766 4682.405273 0.000000 -0.989110 0.000000 0.147179 1.781259 1.781259 1.781259
1345.220337 0.634766 4683.974609 0.000000 -0.908021 0.000000 0.418926 1.781259 1.781259 1.781259
1343.355469 0.666992 4686.796387 0.000000 -0.864272 0.000000 0.503025 1.781259 1.781259 1.781259
1342.717773 0.634766 4688.253906 0.000000 0.000000 0.000000 1.000000 1.209326 1.209326 1.209326
1342.642090 0.546875 4689.430664 0.000000 0.000000 0.000000 1.000000 1.209326 1.209326 1.209326
1342.586548 0.546875 4690.703613 0.000000 0.000000 0.000000 1.000000 1.209326 1.209326 1.209326
2398.797363 1.128418 2410.357422 0.000000 0.265897 0.000000 0.964001 6.911146 6.911146 6.911146
2580.625732 1.546387 1935.784180 0.000000 0.913756 0.000000 0.406263 7.152663 7.152663 7.152663
2817.050537 1.053467 3060.645508 0.000000 0.172713 0.000000 0.984972 26.723309 26.723309 26.723309
2926.797363 5.697021 2314.583008 0.000000 -0.556485 0.000000 0.830858 67.962173 67.962173 67.962173
3078.856934 1.036621 2345.579834 0.000000 0.671595 0.000000 0.740919 13.198214 13.198214 13.198214
3062.172607 0.149902 2225.933594 0.000000 -0.420162 0.000000 0.907449 16.545408 16.545408 16.545408
3068.479980 1.083008 2252.221680 0.000000 0.000000 0.000000 1.000000 11.475160 11.475160 11.475160
3041.773926 0.953125 2496.955322 0.000000 0.392755 0.000000 0.919643 13.447306 13.447306 13.447306
2836.437500 1.605469 2321.803955 0.000000 0.000000 0.000000 1.000000 20.920540 20.920540 20.920540
3087.515869 2.045654 2459.896729 0.000000 0.738334 0.000000 0.674435 4.895419 4.895419 4.895419
3092.339355 -5.669434 2434.716309 0.000000 0.466519 0.000000 0.884511 17.604876 17.604876 17.604876
3143.942871 1.017822 2318.875488 0.000000 -0.938004 0.000000 0.346623 8.891208 8.891208 8.891208
2798.377441 2.513916 2472.483887 0.000000 0.840398 0.000000 0.541970 1.039417 1.039417 1.039417
2797.707031 2.615722 2472.805420 0.000000 0.843772 0.000000 0.536702 1.039417 1.039417 1.039417
2777.238525 2.769043 2456.949219 0.000000 -0.971593 0.000000 -0.236660 1.473454 1.473454 1.473454
2778.148926 2.769043 2457.289551 0.000000 -0.854013 0.000000 0.520251 1.473454 1.473454 1.473454
2777.021240 2.755127 2456.760254 0.000000 -0.854013 0.000000 0.520251 1.419272 1.419272 1.419272
2775.907715 2.794434 2458.707275 0.000000 -0.849472 0.000000 0.527633 1.000000 1.000000 1.000000
2776.825928 2.108887 2459.055420 0.000000 -0.849472 0.000000 0.527633 1.000000 1.000000 1.000000
2558.249268 0.856201 3004.268555 0.000000 0.093096 0.000000 0.995657 1.192031 1.192031 1.192031
2558.430908 0.856201 3003.537354 0.000000 0.093096 0.000000 0.995657 1.192031 1.192031 1.192031
2558.058105 0.856201 3003.667480 0.000000 0.288825 0.000000 0.957382 1.192031 1.192031 1.192031
2558.755127 0.856201 3004.530762 0.000000 0.312081 0.000000 0.950055 1.664528 1.664528 1.664528
2601.924072 3.873291 3028.354492 0.000000 0.059566 0.000000 0.998224 1.664528 1.664528 1.664528
2601.749756 3.873291 3028.315186 0.000000 0.059566 0.000000 0.998224 1.664528 1.664528 1.664528
3173.552246 0.324219 2426.884521 0.000000 0.734432 0.000000 0.678683 9.746724 9.746724 9.746724
3180.437256 0.577881 2413.335693 0.000000 0.906384 0.000000 0.422456 9.155318 9.155318 9.155318
3187.028809 1.674316 2430.613525 0.000000 0.682308 0.000000 0.731064 6.352303 6.352303 6.352303
3168.076416 1.239258 2408.151123 0.000000 0.616609 0.000000 0.787269 5.069278 5.069278 5.069278
3173.131348 -0.544189 2453.372803 0.000000 0.616609 0.000000 0.787269 12.048364 12.048364 12.048364
4097.996582 4.738525 1479.007690 0.000000 0.933831 0.000000 -0.357714 3.067797 3.067797 3.067797
4193.764160 1.582153 1382.027466 0.000000 0.933831 0.000000 -0.357714 3.067797 3.067797 3.067797
3962.743408 1.937622 1308.142822 0.000000 -0.136242 0.000000 -0.990675 1.630502 1.630502 1.630502
3963.119873 2.680542 1309.181641 0.000000 -0.137783 0.000000 -0.990462 1.630502 1.630502 1.630502
4068.022217 1.582153 1421.022827 0.000000 0.933831 0.000000 -0.357714 3.067797 3.067797 3.067797
4115.762207 1.319214 1415.973145 0.000000 0.933831 0.000000 -0.357714 3.067797 3.067797 3.067797
4094.349609 1.435669 1391.866455 0.000000 0.933831 0.000000 -0.357714 3.067797 3.067797 3.067797
3975.008301 2.954834 1360.593262 0.000000 0.933831 0.000000 -0.357714 3.067797 3.067797 3.067797
3979.991943 3.577026 1404.064819 0.000000 0.933831 0.000000 -0.357714 3.067797 3.067797 3.067797
3934.891846 2.853394 1437.960571 0.000000 0.933831 0.000000 -0.357714 3.067797 3.067797 3.067797
3852.211182 2.028320 1448.920532 0.000000 0.933831 0.000000 -0.357714 3.067797 3.067797 3.067797
3799.042969 2.289062 1462.637817 0.000000 0.941981 0.000000 0.335665 3.067797 3.067797 3.067797
3760.463379 1.037964 1479.353882 0.000000 0.941981 0.000000 0.335665 3.067797 3.067797 3.067797
3839.854980 4.326904 1354.875366 0.000000 -0.653261 0.000000 0.757133 3.067797 3.067797 3.067797
3791.051514 2.189575 1363.291870 0.000000 -0.653261 0.000000 0.757133 3.067797 3.067797 3.067797
"}
