object={
	name="Bridge_India"
	render_pass=Map
	clamp_to_water_level=no
	generated_content=no
	layer="AGOT_roads"
	pdxmesh="bridge_indian_mesh"
	count=7
	transform="1058.739014 2.116699 2090.095459 0.000000 0.537581 0.000000 0.843212 1.000000 1.000000 1.000000
1114.629150 2.438965 2146.721680 0.000000 -0.236715 0.000000 0.971579 1.092430 1.092430 1.092430
1680.460938 -0.128418 2015.515503 0.000000 -0.876735 0.000000 0.480974 1.000000 1.000000 1.000000
1787.966309 0.000000 2013.934448 0.000000 -0.286107 0.000000 0.958198 1.000000 1.000000 1.000000
1565.771729 0.000000 2386.998047 0.000000 -0.032160 0.000000 0.999483 0.724463 0.724463 0.724463
1497.347656 1.731445 2217.058105 0.000000 -0.265882 0.000000 0.964005 1.000000 1.000000 1.000000
1813.453125 0.876465 2038.878052 0.000000 0.566673 0.000000 0.823942 1.000000 1.000000 1.000000
"}
object={
	name="Gulltown_Houses"
	render_pass=Map
	clamp_to_water_level=no
	generated_content=no
	layer="AGOT_building_layer"
	pdxmesh="building_special_GT_Houses_mesh"
	count=1
	transform="2128.440186 0.000000 3480.953613 0.000000 -0.013122 0.000000 0.999914 0.328016 0.328016 0.328016
"}
object={
	name="Smoke"
	render_pass=Map
	clamp_to_water_level=no
	generated_content=no
	layer="AGOT_building_layer"
	entity="smoke_chimney"
	count=412
	transform="2070.876221 -19.103271 3188.551514 0.000000 0.000000 0.000000 1.000000 16.942747 16.942747 16.942747
2074.659180 -19.103271 3179.220215 0.000000 0.000000 0.000000 1.000000 16.942747 16.942747 16.942747
2077.069580 -19.103271 3179.255371 0.000000 0.000000 0.000000 1.000000 16.942747 16.942747 16.942747
1373.718994 0.574219 4687.116211 0.000000 0.241545 0.000000 0.970390 0.640195 0.640195 0.640195
1379.254639 0.646973 4690.506348 0.000000 0.241545 0.000000 0.970390 0.640195 0.640195 0.640195
1380.123413 0.337891 4699.516113 0.000000 0.241545 0.000000 0.970390 0.640195 0.640195 0.640195
1373.866211 0.791504 4704.039062 0.000000 0.241545 0.000000 0.970390 0.640195 0.640195 0.640195
1374.558228 0.840820 4700.425781 0.000000 0.241545 0.000000 0.970390 0.640195 0.640195 0.640195
1349.133911 2.083496 4683.984863 0.000000 0.281468 0.000000 0.959570 0.651074 0.651074 0.651074
1350.140503 2.185059 4695.365723 0.000000 0.281468 0.000000 0.959570 0.651074 0.651074 0.651074
1357.071411 1.355957 4693.632324 0.000000 0.281468 0.000000 0.959570 0.651074 0.651074 0.651074
1356.369507 1.355957 4692.699707 0.000000 0.281468 0.000000 0.959570 0.651074 0.651074 0.651074
1352.332031 1.838867 4687.944336 0.000000 0.281468 0.000000 0.959570 0.651074 0.651074 0.651074
1362.804321 4.782715 4699.252441 0.000000 0.281468 0.000000 0.959570 0.651074 0.651074 0.651074
1363.927734 5.243164 4689.605957 0.000000 0.281468 0.000000 0.959570 0.651074 0.651074 0.651074
1363.310181 7.125000 4691.306152 0.000000 0.281468 0.000000 0.959570 1.000000 1.000000 1.000000
763.018188 -0.376709 3060.012695 0.000000 0.000000 0.000000 1.000000 1.283276 1.283276 1.283276
767.237061 -0.545654 3053.489258 0.000000 0.000000 0.000000 1.000000 1.283276 1.283276 1.283276
764.604553 -0.422607 3047.456055 0.000000 0.000000 0.000000 1.000000 1.283276 1.283276 1.283276
776.390442 -0.502197 3043.023926 0.000000 0.000000 0.000000 1.000000 1.283276 1.283276 1.283276
770.839233 -0.589600 3047.323730 0.000000 0.000000 0.000000 1.000000 1.283276 1.283276 1.283276
772.024780 -0.063965 3051.735352 0.000000 0.000000 0.000000 1.000000 1.283276 1.283276 1.283276
777.106201 -0.410889 3053.932373 0.000000 0.000000 0.000000 1.000000 1.283276 1.283276 1.283276
781.305298 -0.086914 3053.578857 0.000000 0.000000 0.000000 1.000000 1.283276 1.283276 1.283276
783.860535 -0.526123 3054.183594 0.000000 0.000000 0.000000 1.000000 1.283276 1.283276 1.283276
785.463684 -0.152100 3056.233398 0.000000 0.000000 0.000000 1.000000 1.283276 1.283276 1.283276
794.870789 1.933105 3063.680176 0.000000 0.000000 0.000000 1.000000 1.283276 1.283276 1.283276
799.111633 1.308838 3071.630371 0.000000 0.000000 0.000000 1.000000 1.283276 1.283276 1.283276
798.021057 -0.397949 3074.139160 0.000000 0.000000 0.000000 1.000000 1.283276 1.283276 1.283276
799.594604 0.886475 3079.203857 0.000000 0.000000 0.000000 1.000000 1.283276 1.283276 1.283276
787.809570 -0.030273 3067.201172 0.000000 0.000000 0.000000 1.000000 1.283276 1.283276 1.283276
780.787231 -0.237305 3071.984375 0.000000 0.000000 0.000000 1.000000 1.283276 1.283276 1.283276
782.800598 -0.425049 3072.207031 0.000000 0.000000 0.000000 1.000000 1.283276 1.283276 1.283276
776.617004 -0.425049 3062.384766 0.000000 0.000000 0.000000 1.000000 1.283276 1.283276 1.283276
767.111267 1.124512 3064.144043 0.000000 0.000000 0.000000 1.000000 1.283276 1.283276 1.283276
765.849915 -0.140869 3069.577393 0.000000 0.000000 0.000000 1.000000 1.283276 1.283276 1.283276
771.468201 -0.322510 3077.563232 0.000000 0.000000 0.000000 1.000000 1.283276 1.283276 1.283276
771.339233 0.177734 3079.665039 0.000000 0.000000 0.000000 1.000000 1.283276 1.283276 1.283276
772.848694 -0.280029 3085.926270 0.000000 0.000000 0.000000 1.000000 1.283276 1.283276 1.283276
777.277100 -0.166260 3087.746582 0.000000 0.000000 0.000000 1.000000 1.283276 1.283276 1.283276
775.713318 -0.412842 3089.099854 0.000000 0.000000 0.000000 1.000000 1.283276 1.283276 1.283276
776.975891 0.051758 3092.172607 0.000000 0.000000 0.000000 1.000000 1.283276 1.283276 1.283276
778.130920 -0.659424 3094.241943 0.000000 0.000000 0.000000 1.000000 1.283276 1.283276 1.283276
786.278625 0.174805 3103.956299 0.000000 0.000000 0.000000 1.000000 1.283276 1.283276 1.283276
791.058044 1.230957 3099.958252 0.000000 0.000000 0.000000 1.000000 1.283276 1.283276 1.283276
790.166992 0.270508 3099.140381 0.000000 0.000000 0.000000 1.000000 1.283276 1.283276 1.283276
788.976196 -0.019287 3093.782227 0.000000 0.000000 0.000000 1.000000 1.283276 1.283276 1.283276
797.465454 1.237061 3089.637207 0.000000 0.000000 0.000000 1.000000 1.283276 1.283276 1.283276
794.006714 -0.140869 3090.222900 0.000000 0.000000 0.000000 1.000000 1.283276 1.283276 1.283276
791.045044 -0.452148 3091.596191 0.000000 0.000000 0.000000 1.000000 1.283276 1.283276 1.283276
793.200867 1.701904 3096.523438 0.000000 0.000000 0.000000 1.000000 1.283276 1.283276 1.283276
795.562988 0.174805 3094.163330 0.000000 0.000000 0.000000 1.000000 1.283276 1.283276 1.283276
2104.689453 0.809082 3471.767334 0.000000 0.929418 0.000000 -0.369030 1.000000 1.000000 1.000000
2104.911133 0.695068 3479.868652 0.000000 0.929418 0.000000 -0.369030 1.000000 1.000000 1.000000
2107.786865 0.820801 3484.369141 0.000000 0.929418 0.000000 -0.369030 1.000000 1.000000 1.000000
2115.387695 0.605713 3490.836426 0.000000 0.929418 0.000000 -0.369030 1.000000 1.000000 1.000000
2110.449219 0.531738 3491.295410 0.000000 0.929418 0.000000 -0.369030 1.000000 1.000000 1.000000
2113.733887 0.554932 3484.383057 0.000000 0.929418 0.000000 -0.369030 1.000000 1.000000 1.000000
2112.465088 0.554932 3480.864990 0.000000 0.929418 0.000000 -0.369030 1.000000 1.000000 1.000000
2110.689941 0.667236 3477.927979 0.000000 0.929418 0.000000 -0.369030 1.000000 1.000000 1.000000
2114.822266 0.673584 3466.164062 0.000000 0.929418 0.000000 -0.369030 1.000000 1.000000 1.000000
2114.103027 0.556152 3468.607422 0.000000 0.929418 0.000000 -0.369030 1.000000 1.000000 1.000000
2110.537109 0.673340 3471.771484 0.000000 0.929418 0.000000 -0.369030 1.000000 1.000000 1.000000
2117.307617 0.788574 3470.703613 0.000000 0.929418 0.000000 -0.369030 1.000000 1.000000 1.000000
2116.609863 0.664795 3473.152100 0.000000 0.929418 0.000000 -0.369030 1.000000 1.000000 1.000000
2119.785889 0.520752 3475.947754 0.000000 0.929418 0.000000 -0.369030 1.000000 1.000000 1.000000
2121.708496 0.708008 3481.479248 0.000000 0.929418 0.000000 -0.369030 1.000000 1.000000 1.000000
2119.364990 0.708008 3485.259521 0.000000 0.929418 0.000000 -0.369030 1.000000 1.000000 1.000000
2120.569580 0.570557 3489.962158 0.000000 0.929418 0.000000 -0.369030 1.000000 1.000000 1.000000
2119.125977 0.570557 3493.464600 0.000000 0.929418 0.000000 -0.369030 1.000000 1.000000 1.000000
2140.450684 0.822021 3497.908936 0.000000 0.929418 0.000000 -0.369030 1.000000 1.000000 1.000000
2132.496094 0.822021 3497.025879 0.000000 0.929418 0.000000 -0.369030 1.000000 1.000000 1.000000
2136.195801 0.822021 3492.820801 0.000000 0.929418 0.000000 -0.369030 1.000000 1.000000 1.000000
2131.350586 0.822021 3491.226318 0.000000 0.929418 0.000000 -0.369030 1.000000 1.000000 1.000000
2128.808350 0.822021 3491.053955 0.000000 0.929418 0.000000 -0.369030 1.000000 1.000000 1.000000
2129.672119 0.822021 3493.167236 0.000000 0.929418 0.000000 -0.369030 1.000000 1.000000 1.000000
2134.759521 0.822021 3486.882324 0.000000 0.929418 0.000000 -0.369030 1.000000 1.000000 1.000000
2133.877441 0.822021 3485.783936 0.000000 0.929418 0.000000 -0.369030 1.000000 1.000000 1.000000
2130.623779 0.822021 3487.219971 0.000000 0.929418 0.000000 -0.369030 1.000000 1.000000 1.000000
2130.242432 0.822021 3484.470947 0.000000 0.929418 0.000000 -0.369030 1.000000 1.000000 1.000000
2128.119141 0.822021 3483.194580 0.000000 0.929418 0.000000 -0.369030 1.000000 1.000000 1.000000
1965.324341 0.763916 2638.405762 0.000000 0.914889 0.000000 -0.403704 1.691016 1.691016 1.691016
1967.007324 1.746826 2640.415039 0.000000 0.914889 0.000000 -0.403704 1.000000 1.000000 1.000000
1972.554321 0.874512 2646.099365 0.000000 0.882386 0.000000 -0.470527 1.000000 1.000000 1.000000
1970.406372 0.546143 2646.160889 0.000000 0.882386 0.000000 -0.470527 1.000000 1.000000 1.000000
1962.904053 1.599121 2640.649902 0.000000 0.882386 0.000000 -0.470527 1.000000 1.000000 1.000000
1968.642578 3.720459 2634.346191 0.000000 0.882386 0.000000 -0.470527 1.000000 1.000000 1.000000
1971.671753 6.238770 2636.527344 0.000000 0.802403 0.000000 -0.596782 1.000000 1.000000 1.000000
1968.641724 6.043701 2634.217041 0.000000 0.869425 0.000000 -0.494065 1.000000 1.000000 1.000000
1556.655151 -2.479004 4282.449219 0.000000 -0.496500 0.000000 0.868037 4.617013 4.617013 4.617013
1590.164673 -0.293457 4283.809570 0.000000 -0.496500 0.000000 0.868037 1.515157 1.515157 1.515157
1589.906372 -0.293457 4277.977539 0.000000 -0.496500 0.000000 0.868037 1.515157 1.515157 1.515157
1589.153320 -0.187012 4271.228516 0.000000 -0.496500 0.000000 0.868037 1.515157 1.515157 1.515157
1582.857910 -0.315430 4271.702148 0.000000 -0.496500 0.000000 0.868037 1.515157 1.515157 1.515157
1580.121826 0.039551 4276.262695 0.000000 -0.496500 0.000000 0.868037 1.515157 1.515157 1.515157
1578.361938 -0.130371 4281.244141 0.000000 -0.496500 0.000000 0.868037 1.515157 1.515157 1.515157
1583.109985 -0.130371 4276.868164 0.000000 -0.496500 0.000000 0.868037 1.515157 1.515157 1.515157
1579.169067 2.241699 4342.294434 0.000000 -0.496500 0.000000 0.868037 1.515157 1.515157 1.515157
1550.612305 -0.278320 4326.412598 0.000000 -0.496500 0.000000 0.868037 1.515157 1.515157 1.515157
1557.077759 0.133301 4329.353516 0.000000 -0.496500 0.000000 0.868037 1.515157 1.515157 1.515157
1554.321899 -0.061523 4327.520508 0.000000 -0.496500 0.000000 0.868037 1.515157 1.515157 1.515157
1549.734375 -0.206055 4321.763184 0.000000 -0.496500 0.000000 0.868037 1.515157 1.515157 1.515157
1545.667114 -0.276855 4313.580566 0.000000 -0.496500 0.000000 0.868037 1.515157 1.515157 1.515157
1551.436157 0.000000 4313.441406 0.000000 -0.496500 0.000000 0.868037 1.515157 1.515157 1.515157
1554.088379 0.000000 4315.979980 0.000000 -0.496500 0.000000 0.868037 1.515157 1.515157 1.515157
1555.239990 -0.247559 4320.832520 0.000000 -0.496500 0.000000 0.868037 1.515157 1.515157 1.515157
1558.536621 0.779785 4321.180664 0.000000 -0.496500 0.000000 0.868037 1.515157 1.515157 1.515157
1567.298462 0.779785 4316.378418 0.000000 -0.496500 0.000000 0.868037 1.515157 1.515157 1.515157
1564.566406 0.746094 4319.689453 0.000000 -0.496500 0.000000 0.868037 1.515157 1.515157 1.515157
1561.029175 0.160156 4316.544922 0.000000 -0.496500 0.000000 0.868037 1.515157 1.515157 1.515157
1555.260986 0.160156 4310.724609 0.000000 -0.496500 0.000000 0.868037 1.515157 1.515157 1.515157
1559.563232 0.160156 4315.177246 0.000000 -0.496500 0.000000 0.868037 1.515157 1.515157 1.515157
1559.135742 0.160156 4311.698730 0.000000 -0.496500 0.000000 0.868037 1.515157 1.515157 1.515157
1555.367310 -0.250488 4308.181641 0.000000 -0.496500 0.000000 0.868037 1.515157 1.515157 1.515157
1561.078491 -0.291992 4300.442871 0.000000 -0.496500 0.000000 0.868037 1.515157 1.515157 1.515157
1559.782959 -0.291992 4302.227539 0.000000 -0.496500 0.000000 0.868037 1.515157 1.515157 1.515157
1557.394653 -0.291992 4305.096680 0.000000 -0.496500 0.000000 0.868037 1.515157 1.515157 1.515157
1579.299194 0.143555 4308.100098 0.000000 -0.496500 0.000000 0.868037 1.515157 1.515157 1.515157
1579.741577 0.920410 4315.221680 0.000000 -0.496500 0.000000 0.868037 1.515157 1.515157 1.515157
1585.202148 -0.041016 4318.077637 0.000000 -0.496500 0.000000 0.868037 1.515157 1.515157 1.515157
1590.848755 0.023926 4314.321289 0.000000 -0.496500 0.000000 0.868037 1.515157 1.515157 1.515157
1595.638184 0.679688 4315.384766 0.000000 -0.496500 0.000000 0.868037 1.515157 1.515157 1.515157
1596.596313 -0.200195 4308.871094 0.000000 -0.496500 0.000000 0.868037 1.515157 1.515157 1.515157
1597.943848 -0.200195 4306.653320 0.000000 -0.496500 0.000000 0.868037 1.515157 1.515157 1.515157
1597.742676 -0.200195 4301.518066 0.000000 -0.496500 0.000000 0.868037 1.515157 1.515157 1.515157
1589.086304 -0.251953 4291.754395 0.000000 -0.496500 0.000000 0.868037 1.515157 1.515157 1.515157
1592.156616 -0.005859 4292.732422 0.000000 -0.496500 0.000000 0.868037 1.515157 1.515157 1.515157
1590.021362 -0.279785 4297.867676 0.000000 -0.496500 0.000000 0.868037 1.515157 1.515157 1.515157
1587.623779 -0.156250 4296.722656 0.000000 -0.496500 0.000000 0.868037 1.515157 1.515157 1.515157
1573.267212 -0.283203 4288.207031 0.000000 -0.496500 0.000000 0.868037 1.515157 1.515157 1.515157
1583.042847 -0.031738 4294.053711 0.000000 -0.496500 0.000000 0.868037 1.515157 1.515157 1.515157
1582.324707 -0.001953 4296.892090 0.000000 -0.496500 0.000000 0.868037 1.515157 1.515157 1.515157
1580.836426 0.193848 4298.964355 0.000000 -0.496500 0.000000 0.868037 1.515157 1.515157 1.515157
1577.764404 -0.025879 4299.520996 0.000000 -0.496500 0.000000 0.868037 1.515157 1.515157 1.515157
1572.104126 0.132812 4295.984375 0.000000 -0.496500 0.000000 0.868037 1.515157 1.515157 1.515157
1571.691040 -0.131836 4293.277832 0.000000 -0.496500 0.000000 0.868037 1.515157 1.515157 1.515157
1569.641357 -0.308105 4294.657227 0.000000 -0.496500 0.000000 0.868037 1.515157 1.515157 1.515157
1565.588745 -0.308105 4296.543945 0.000000 -0.496500 0.000000 0.868037 1.515157 1.515157 1.515157
1566.404663 0.055176 4302.831055 0.000000 -0.496500 0.000000 0.868037 1.515157 1.515157 1.515157
1560.002197 0.055176 4305.836426 0.000000 -0.496500 0.000000 0.868037 1.515157 1.515157 1.515157
1564.435669 0.055176 4310.831543 0.000000 -0.496500 0.000000 0.868037 1.515157 1.515157 1.515157
1569.996338 0.055176 4303.841797 0.000000 -0.496500 0.000000 0.868037 1.515157 1.515157 1.515157
2139.886475 3.572266 3469.602783 0.000000 0.932007 0.000000 -0.362440 3.846756 3.846756 3.846756
2788.485596 -2.500244 2450.483887 0.000000 0.000000 0.000000 1.000000 3.258017 3.258017 3.258017
2792.705322 0.282959 2450.842529 0.000000 0.000000 0.000000 1.000000 1.365466 1.365466 1.365466
2793.895752 0.412842 2450.704346 0.000000 0.000000 0.000000 1.000000 1.365466 1.365466 1.365466
2795.048340 0.412842 2450.544434 0.000000 0.000000 0.000000 1.000000 1.365466 1.365466 1.365466
2834.001221 2.067139 2464.235352 0.000000 0.000000 0.000000 1.000000 1.365466 1.365466 1.365466
2835.459717 2.112305 2465.089600 0.000000 0.000000 0.000000 1.000000 1.365466 1.365466 1.365466
2836.864258 2.295166 2464.260010 0.000000 0.000000 0.000000 1.000000 1.365466 1.365466 1.365466
2836.836426 2.295166 2462.630859 0.000000 0.000000 0.000000 1.000000 1.365466 1.365466 1.365466
2835.395752 2.295166 2461.799316 0.000000 0.000000 0.000000 1.000000 1.365466 1.365466 1.365466
2833.994141 2.189453 2462.656494 0.000000 0.000000 0.000000 1.000000 1.365466 1.365466 1.365466
2835.486084 0.034424 2466.029053 0.000000 0.000000 0.000000 1.000000 1.365466 1.365466 1.365466
2837.608887 0.034424 2464.815674 0.000000 0.000000 0.000000 1.000000 1.365466 1.365466 1.365466
2837.575195 0.296387 2462.192871 0.000000 0.000000 0.000000 1.000000 1.365466 1.365466 1.365466
2833.195557 0.126465 2464.620850 0.000000 0.000000 0.000000 1.000000 1.365466 1.365466 1.365466
2833.217041 0.126465 2462.147217 0.000000 0.000000 0.000000 1.000000 1.365466 1.365466 1.365466
2835.417725 0.325684 2460.928711 0.000000 0.000000 0.000000 1.000000 1.365466 1.365466 1.365466
2796.946533 0.293213 2446.635498 0.000000 0.000000 0.000000 1.000000 1.365466 1.365466 1.365466
2794.408203 0.255615 2444.679443 0.000000 0.000000 0.000000 1.000000 1.920392 1.920392 1.920392
2791.290039 0.255615 2447.651611 0.000000 0.000000 0.000000 1.000000 1.920392 1.920392 1.920392
2787.982422 0.655762 2443.980225 0.000000 0.000000 0.000000 1.000000 1.400952 1.400952 1.400952
2786.427246 0.655762 2443.750977 0.000000 0.000000 0.000000 1.000000 1.400952 1.400952 1.400952
2784.879150 0.655762 2443.572510 0.000000 0.000000 0.000000 1.000000 1.400952 1.400952 1.400952
2784.349365 -0.408936 2456.687500 0.000000 0.000000 0.000000 1.000000 1.997168 1.997168 1.997168
2807.405029 -0.515381 2448.690430 0.000000 0.000000 0.000000 1.000000 1.000000 1.000000 1.000000
2810.076416 0.130615 2450.266113 0.000000 0.000000 0.000000 1.000000 1.000000 1.000000 1.000000
2812.583008 -0.063965 2450.665771 0.000000 0.000000 0.000000 1.000000 1.000000 1.000000 1.000000
2814.068359 -0.701416 2451.984131 0.000000 0.000000 0.000000 1.000000 1.000000 1.000000 1.000000
2810.401367 0.297363 2453.151367 0.000000 0.000000 0.000000 1.000000 1.000000 1.000000 1.000000
2816.560547 -0.384766 2452.426758 0.000000 0.000000 0.000000 1.000000 1.000000 1.000000 1.000000
2817.753906 -0.161377 2453.061279 0.000000 0.000000 0.000000 1.000000 1.000000 1.000000 1.000000
2817.020020 0.514404 2456.344238 0.000000 0.000000 0.000000 1.000000 1.000000 1.000000 1.000000
2818.152344 -0.242188 2458.333008 0.000000 0.000000 0.000000 1.000000 1.000000 1.000000 1.000000
2821.193604 0.149902 2455.781982 0.000000 0.000000 0.000000 1.000000 1.000000 1.000000 1.000000
2820.938477 -0.638672 2458.263428 0.000000 0.000000 0.000000 1.000000 1.000000 1.000000 1.000000
2819.656006 -0.717285 2458.272949 0.000000 0.000000 0.000000 1.000000 1.000000 1.000000 1.000000
2820.019775 -0.225830 2460.798584 0.000000 0.000000 0.000000 1.000000 1.000000 1.000000 1.000000
2821.712402 -0.067627 2462.339600 0.000000 0.000000 0.000000 1.000000 1.000000 1.000000 1.000000
2821.905273 0.207764 2460.436279 0.000000 0.000000 0.000000 1.000000 1.000000 1.000000 1.000000
2823.625000 -0.187988 2456.802002 0.000000 0.000000 0.000000 1.000000 1.000000 1.000000 1.000000
2822.896484 -0.261230 2457.336182 0.000000 0.000000 0.000000 1.000000 1.000000 1.000000 1.000000
2824.444336 0.186768 2459.128418 0.000000 0.000000 0.000000 1.000000 1.000000 1.000000 1.000000
2826.729736 -0.559570 2461.460449 0.000000 0.000000 0.000000 1.000000 1.000000 1.000000 1.000000
2825.469971 -0.139893 2459.661133 0.000000 0.000000 0.000000 1.000000 1.000000 1.000000 1.000000
2827.874512 -0.245850 2459.713867 0.000000 0.000000 0.000000 1.000000 1.000000 1.000000 1.000000
2827.038574 -0.215820 2458.890869 0.000000 0.000000 0.000000 1.000000 1.000000 1.000000 1.000000
2828.521729 -0.214111 2457.905273 0.000000 0.000000 0.000000 1.000000 1.000000 1.000000 1.000000
2828.944580 1.094482 2461.698486 0.000000 0.000000 0.000000 1.000000 1.000000 1.000000 1.000000
2829.732422 -0.045654 2460.000977 0.000000 0.000000 0.000000 1.000000 1.000000 1.000000 1.000000
2832.003906 -0.119141 2468.386963 0.000000 0.000000 0.000000 1.000000 1.000000 1.000000 1.000000
2830.656738 -0.031738 2465.765381 0.000000 0.000000 0.000000 1.000000 1.000000 1.000000 1.000000
2849.119873 1.320557 2461.766602 0.000000 0.000000 0.000000 1.000000 1.000000 1.000000 1.000000
2850.693359 -0.041016 2463.952148 0.000000 0.000000 0.000000 1.000000 1.000000 1.000000 1.000000
2847.762451 0.168213 2465.787354 0.000000 0.000000 0.000000 1.000000 1.000000 1.000000 1.000000
2848.423828 0.200684 2465.221680 0.000000 0.000000 0.000000 1.000000 1.000000 1.000000 1.000000
2844.659424 0.418213 2465.331787 0.000000 0.000000 0.000000 1.000000 1.000000 1.000000 1.000000
2843.163330 0.064697 2465.171387 0.000000 0.000000 0.000000 1.000000 1.000000 1.000000 1.000000
2841.303711 -0.208984 2464.978760 0.000000 0.000000 0.000000 1.000000 1.000000 1.000000 1.000000
2842.199707 0.033691 2461.240234 0.000000 0.000000 0.000000 1.000000 1.000000 1.000000 1.000000
2842.892090 -0.311035 2458.260742 0.000000 0.000000 0.000000 1.000000 1.000000 1.000000 1.000000
2840.237305 0.424805 2457.953369 0.000000 0.000000 0.000000 1.000000 1.000000 1.000000 1.000000
2840.275146 0.424805 2459.473877 0.000000 0.000000 0.000000 1.000000 1.000000 1.000000 1.000000
2841.038574 0.424805 2458.806641 0.000000 0.000000 0.000000 1.000000 1.000000 1.000000 1.000000
2839.925049 -0.540527 2455.870605 0.000000 0.000000 0.000000 1.000000 1.000000 1.000000 1.000000
2838.667480 -0.289062 2457.220459 0.000000 0.000000 0.000000 1.000000 1.000000 1.000000 1.000000
2836.163818 0.086182 2456.805420 0.000000 0.000000 0.000000 1.000000 1.000000 1.000000 1.000000
2836.355225 0.086182 2455.717529 0.000000 0.000000 0.000000 1.000000 1.000000 1.000000 1.000000
2829.658203 -0.226807 2454.496826 0.000000 0.000000 0.000000 1.000000 1.000000 1.000000 1.000000
2833.881348 -0.826904 2453.534180 0.000000 0.000000 0.000000 1.000000 1.000000 1.000000 1.000000
2834.438477 -0.442383 2451.516113 0.000000 0.000000 0.000000 1.000000 1.000000 1.000000 1.000000
2829.842041 -0.694824 2448.461670 0.000000 0.000000 0.000000 1.000000 1.000000 1.000000 1.000000
2830.153320 -0.799072 2451.425781 0.000000 0.000000 0.000000 1.000000 1.000000 1.000000 1.000000
2830.820801 0.064697 2452.593018 0.000000 0.000000 0.000000 1.000000 1.000000 1.000000 1.000000
2824.338623 0.458496 2446.392822 0.000000 0.000000 0.000000 1.000000 1.000000 1.000000 1.000000
2826.714111 -0.163330 2453.045410 0.000000 0.000000 0.000000 1.000000 1.000000 1.000000 1.000000
2827.472412 -0.370850 2449.354248 0.000000 0.000000 0.000000 1.000000 1.000000 1.000000 1.000000
2826.718018 -0.173340 2451.503662 0.000000 0.000000 0.000000 1.000000 1.000000 1.000000 1.000000
2823.874268 0.117188 2449.234863 0.000000 0.000000 0.000000 1.000000 1.000000 1.000000 1.000000
2823.761963 0.033447 2450.658691 0.000000 0.000000 0.000000 1.000000 1.000000 1.000000 1.000000
2819.199463 -0.498047 2449.986572 0.000000 0.000000 0.000000 1.000000 1.000000 1.000000 1.000000
2819.254883 -0.193115 2447.261230 0.000000 0.000000 0.000000 1.000000 1.000000 1.000000 1.000000
2818.838623 0.264404 2445.587402 0.000000 0.000000 0.000000 1.000000 1.000000 1.000000 1.000000
2817.750732 -0.502686 2445.658203 0.000000 0.000000 0.000000 1.000000 1.000000 1.000000 1.000000
2817.491699 -0.261475 2447.084717 0.000000 0.000000 0.000000 1.000000 1.000000 1.000000 1.000000
2811.515137 -0.227051 2446.816650 0.000000 0.000000 0.000000 1.000000 1.000000 1.000000 1.000000
2813.703857 -0.320068 2444.954590 0.000000 0.000000 0.000000 1.000000 1.000000 1.000000 1.000000
2811.246826 -0.080322 2443.451416 0.000000 0.000000 0.000000 1.000000 1.000000 1.000000 1.000000
2809.663574 -0.208740 2443.446289 0.000000 0.000000 0.000000 1.000000 1.000000 1.000000 1.000000
2810.131836 -0.297363 2445.948730 0.000000 0.000000 0.000000 1.000000 1.000000 1.000000 1.000000
2807.778320 -0.992676 2443.714355 0.000000 0.000000 0.000000 1.000000 1.000000 1.000000 1.000000
2806.071533 -0.229980 2442.980713 0.000000 0.000000 0.000000 1.000000 1.000000 1.000000 1.000000
2805.786377 0.289307 2450.503418 0.000000 0.000000 0.000000 1.000000 1.000000 1.000000 1.000000
2801.883545 0.048096 2450.791260 0.000000 0.000000 0.000000 1.000000 1.000000 1.000000 1.000000
2787.793213 -0.036865 2435.823486 0.000000 0.000000 0.000000 1.000000 1.000000 1.000000 1.000000
2790.392822 -0.754883 2438.956299 0.000000 0.000000 0.000000 1.000000 1.000000 1.000000 1.000000
2792.669189 0.126221 2437.850342 0.000000 0.000000 0.000000 1.000000 1.000000 1.000000 1.000000
2794.025635 -0.132812 2439.017090 0.000000 0.000000 0.000000 1.000000 1.000000 1.000000 1.000000
2797.894287 -0.394287 2441.953125 0.000000 0.000000 0.000000 1.000000 1.000000 1.000000 1.000000
2800.256836 -0.509033 2442.654785 0.000000 0.000000 0.000000 1.000000 1.000000 1.000000 1.000000
2797.631836 0.110840 2445.844482 0.000000 0.000000 0.000000 1.000000 1.000000 1.000000 1.000000
2793.379395 0.041260 2446.289795 0.000000 0.000000 0.000000 1.000000 1.000000 1.000000 1.000000
2785.360107 0.078125 2448.439209 0.000000 0.000000 0.000000 1.000000 1.000000 1.000000 1.000000
2785.689697 -0.192383 2446.369141 0.000000 0.000000 0.000000 1.000000 1.000000 1.000000 1.000000
2786.838867 -0.374268 2446.652832 0.000000 0.000000 0.000000 1.000000 1.000000 1.000000 1.000000
2788.267822 -0.616943 2447.194092 0.000000 0.000000 0.000000 1.000000 1.000000 1.000000 1.000000
2790.542969 -0.229736 2443.663818 0.000000 0.000000 0.000000 1.000000 1.000000 1.000000 1.000000
2788.326416 -0.062256 2441.327393 0.000000 0.000000 0.000000 1.000000 1.000000 1.000000 1.000000
2785.961670 -0.572754 2440.888672 0.000000 0.000000 0.000000 1.000000 1.000000 1.000000 1.000000
2782.664062 0.085449 2440.921875 0.000000 0.000000 0.000000 1.000000 1.000000 1.000000 1.000000
2784.252686 -0.591309 2441.175049 0.000000 0.000000 0.000000 1.000000 1.000000 1.000000 1.000000
2784.156250 -0.314941 2436.575439 0.000000 0.000000 0.000000 1.000000 1.000000 1.000000 1.000000
2783.075928 -0.364014 2435.892090 0.000000 0.000000 0.000000 1.000000 1.000000 1.000000 1.000000
2778.562256 -0.142090 2435.011475 0.000000 0.000000 0.000000 1.000000 1.000000 1.000000 1.000000
2777.693848 0.088379 2434.719971 0.000000 0.000000 0.000000 1.000000 1.000000 1.000000 1.000000
2776.171143 -0.680176 2437.386230 0.000000 0.000000 0.000000 1.000000 1.000000 1.000000 1.000000
2778.175781 -1.022949 2440.292969 0.000000 0.000000 0.000000 1.000000 1.000000 1.000000 1.000000
2778.133057 -0.353516 2441.511963 0.000000 0.000000 0.000000 1.000000 1.000000 1.000000 1.000000
2779.890625 -0.636719 2441.747314 0.000000 0.000000 0.000000 1.000000 1.000000 1.000000 1.000000
2778.927246 -0.411621 2443.321777 0.000000 0.000000 0.000000 1.000000 1.000000 1.000000 1.000000
2781.445312 -0.411621 2446.158203 0.000000 0.000000 0.000000 1.000000 1.000000 1.000000 1.000000
2779.248047 -0.380859 2444.904541 0.000000 0.000000 0.000000 1.000000 1.000000 1.000000 1.000000
2779.639893 -0.463379 2446.680908 0.000000 0.000000 0.000000 1.000000 1.000000 1.000000 1.000000
2779.601807 -0.103027 2447.517578 0.000000 0.000000 0.000000 1.000000 1.000000 1.000000 1.000000
2830.131836 0.710938 2472.289795 0.000000 0.000000 0.000000 1.000000 1.000000 1.000000 1.000000
2823.727051 -0.405029 2472.348633 0.000000 0.000000 0.000000 1.000000 1.000000 1.000000 1.000000
2826.735352 0.654053 2469.006104 0.000000 0.000000 0.000000 1.000000 1.000000 1.000000 1.000000
2817.032959 -0.284180 2463.465576 0.000000 0.000000 0.000000 1.000000 1.000000 1.000000 1.000000
2817.269531 -0.028809 2465.184326 0.000000 0.000000 0.000000 1.000000 1.000000 1.000000 1.000000
2815.372559 0.172119 2461.731934 0.000000 0.000000 0.000000 1.000000 1.000000 1.000000 1.000000
2812.673828 0.138428 2462.882324 0.000000 0.000000 0.000000 1.000000 1.000000 1.000000 1.000000
2811.619141 0.161621 2459.885742 0.000000 0.000000 0.000000 1.000000 1.000000 1.000000 1.000000
2806.892334 0.161621 2459.644775 0.000000 0.000000 0.000000 1.000000 1.000000 1.000000 1.000000
2807.238770 -0.016113 2457.172607 0.000000 0.000000 0.000000 1.000000 1.000000 1.000000 1.000000
2798.971436 0.242920 2458.280273 0.000000 0.000000 0.000000 1.000000 1.000000 1.000000 1.000000
2800.770508 0.242920 2459.491699 0.000000 0.000000 0.000000 1.000000 1.000000 1.000000 1.000000
2800.543701 -0.181641 2454.579102 0.000000 0.000000 0.000000 1.000000 1.000000 1.000000 1.000000
2798.919922 0.276123 2454.270264 0.000000 0.000000 0.000000 1.000000 1.000000 1.000000 1.000000
2795.663574 0.573730 2458.875000 0.000000 0.000000 0.000000 1.000000 1.000000 1.000000 1.000000
2795.020996 0.131836 2462.914795 0.000000 0.000000 0.000000 1.000000 1.000000 1.000000 1.000000
2792.582520 -0.304932 2461.402100 0.000000 0.000000 0.000000 1.000000 1.000000 1.000000 1.000000
2793.504395 0.261719 2463.312256 0.000000 0.000000 0.000000 1.000000 1.000000 1.000000 1.000000
2792.093994 0.169434 2464.039307 0.000000 0.000000 0.000000 1.000000 1.000000 1.000000 1.000000
2787.910889 0.348877 2463.946289 0.000000 0.000000 0.000000 1.000000 1.000000 1.000000 1.000000
2791.406738 0.125488 2451.109131 0.000000 0.000000 0.000000 1.000000 1.000000 1.000000 1.000000
2791.323730 -0.214844 2453.618896 0.000000 0.000000 0.000000 1.000000 1.000000 1.000000 1.000000
2790.757324 -0.214844 2454.143799 0.000000 0.000000 0.000000 1.000000 1.000000 1.000000 1.000000
2788.761475 -0.028076 2458.277100 0.000000 0.000000 0.000000 1.000000 1.000000 1.000000 1.000000
2788.520508 -0.590576 2455.694092 0.000000 0.000000 0.000000 1.000000 1.000000 1.000000 1.000000
2786.286865 0.284912 2454.690918 0.000000 0.000000 0.000000 1.000000 1.000000 1.000000 1.000000
2787.444580 0.072998 2453.128418 0.000000 0.000000 0.000000 1.000000 1.000000 1.000000 1.000000
2844.008301 0.286377 2474.429932 0.000000 -0.293963 0.000000 0.955817 1.000000 1.000000 1.000000
2845.594238 0.385742 2473.684570 0.000000 0.000000 0.000000 1.000000 1.000000 1.000000 1.000000
2847.987549 0.052490 2470.108398 0.000000 0.000000 0.000000 1.000000 1.000000 1.000000 1.000000
2843.183105 2.092041 2469.245850 0.000000 0.000000 0.000000 1.000000 1.000000 1.000000 1.000000
2841.729248 1.098877 2468.821045 0.000000 0.000000 0.000000 1.000000 1.000000 1.000000 1.000000
2839.543213 0.680176 2471.641357 0.000000 0.000000 0.000000 1.000000 1.000000 1.000000 1.000000
2840.743652 0.437988 2470.566162 0.000000 0.000000 0.000000 1.000000 1.000000 1.000000 1.000000
2837.315918 0.742920 2472.780273 0.000000 0.000000 0.000000 1.000000 1.000000 1.000000 1.000000
2832.174805 1.056152 2484.008545 0.000000 0.000000 0.000000 1.000000 1.590796 1.590796 1.590796
2829.834717 1.199219 2478.434326 0.000000 0.000000 0.000000 1.000000 1.000000 1.000000 1.000000
2835.899658 0.197754 2477.237305 0.000000 0.000000 0.000000 1.000000 1.000000 1.000000 1.000000
2842.437012 0.678467 2478.937744 0.000000 0.000000 0.000000 1.000000 1.000000 1.000000 1.000000
2837.473633 1.007324 2478.570068 0.000000 0.000000 0.000000 1.000000 1.000000 1.000000 1.000000
2776.703125 2.299805 2464.563477 0.000000 0.000000 0.000000 1.000000 1.000000 1.000000 1.000000
2776.639648 2.260986 2465.295166 0.000000 0.000000 0.000000 1.000000 1.000000 1.000000 1.000000
2776.436768 1.844971 2466.151123 0.000000 0.000000 0.000000 1.000000 1.000000 1.000000 1.000000
2778.287354 0.550537 2470.732666 0.000000 0.000000 0.000000 1.000000 1.000000 1.000000 1.000000
2782.687988 0.419434 2483.389648 0.000000 0.000000 0.000000 1.000000 1.000000 1.000000 1.000000
2789.432373 0.597168 2490.573242 0.000000 0.000000 0.000000 1.000000 1.000000 1.000000 1.000000
2798.392090 0.030273 2481.620605 0.000000 0.000000 0.000000 1.000000 1.000000 1.000000 1.000000
2802.375244 -0.714844 2484.838135 0.000000 0.000000 0.000000 1.000000 1.000000 1.000000 1.000000
2799.763428 -0.490234 2487.667969 0.000000 0.000000 0.000000 1.000000 1.000000 1.000000 1.000000
2800.054932 0.509277 2489.932861 0.000000 0.000000 0.000000 1.000000 1.000000 1.000000 1.000000
2813.234863 0.142090 2482.154541 0.000000 0.000000 0.000000 1.000000 1.000000 1.000000 1.000000
2813.309814 -0.327881 2485.616455 0.000000 0.000000 0.000000 1.000000 1.000000 1.000000 1.000000
2815.593994 0.242920 2485.163818 0.000000 0.000000 0.000000 1.000000 1.000000 1.000000 1.000000
2818.892578 0.049072 2483.814697 0.000000 0.000000 0.000000 1.000000 1.000000 1.000000 1.000000
2822.372559 -0.167725 2480.445557 0.000000 0.000000 0.000000 1.000000 1.000000 1.000000 1.000000
2827.207031 0.449951 2485.989014 0.000000 0.000000 0.000000 1.000000 1.000000 1.000000 1.000000
2826.476562 0.832520 2482.752930 0.000000 0.000000 0.000000 1.000000 1.000000 1.000000 1.000000
2826.008545 0.670898 2480.667236 0.000000 0.000000 0.000000 1.000000 1.000000 1.000000 1.000000
2825.220215 0.670898 2479.968994 0.000000 0.000000 0.000000 1.000000 1.000000 1.000000 1.000000
2824.202393 0.557861 2480.616455 0.000000 0.000000 0.000000 1.000000 1.000000 1.000000 1.000000
2761.365234 -1.000488 2433.626221 0.000000 0.000000 0.000000 1.000000 2.159405 2.159405 2.159405
2764.783691 -0.937500 2436.397461 0.000000 0.000000 0.000000 1.000000 1.944751 1.944751 1.944751
2764.741943 -0.910156 2437.627197 0.000000 0.000000 0.000000 1.000000 1.944751 1.944751 1.944751
2764.664795 -0.928955 2438.777832 0.000000 0.000000 0.000000 1.000000 1.944751 1.944751 1.944751
791.022949 1.250732 2225.781250 0.000000 0.582209 0.000000 -0.813039 0.963529 0.963529 0.963529
792.029419 1.250732 2225.119385 0.000000 0.582209 0.000000 -0.813039 0.963529 0.963529 0.963529
791.987000 1.250732 2223.914307 0.000000 0.582209 0.000000 -0.813039 0.963529 0.963529 0.963529
790.949951 1.250732 2223.360107 0.000000 0.582209 0.000000 -0.813039 0.963529 0.963529 0.963529
790.007324 1.250732 2224.009033 0.000000 0.582209 0.000000 -0.813039 0.963529 0.963529 0.963529
790.019958 1.250732 2225.244385 0.000000 0.582209 0.000000 -0.813039 0.963529 0.963529 0.963529
790.972412 0.906250 2224.494141 0.000000 0.582209 0.000000 -0.813039 1.691357 1.691357 1.691357
2593.766357 1.875488 3019.132324 0.000000 0.000000 0.000000 1.000000 3.512551 3.512551 3.512551
2613.095947 2.852295 3012.233643 0.000000 0.000000 0.000000 1.000000 1.000000 1.000000 1.000000
2618.136230 2.031494 2999.115234 0.000000 0.000000 0.000000 1.000000 1.000000 1.000000 1.000000
2616.220703 1.555908 3006.484375 0.000000 0.000000 0.000000 1.000000 1.000000 1.000000 1.000000
2620.104736 2.692383 3005.685791 0.000000 0.000000 0.000000 1.000000 1.000000 1.000000 1.000000
2626.111084 0.723145 3012.052734 0.000000 0.000000 0.000000 1.000000 1.000000 1.000000 1.000000
2627.128174 1.511719 3003.182129 0.000000 0.000000 0.000000 1.000000 1.000000 1.000000 1.000000
2627.971924 0.977295 3005.205811 0.000000 0.000000 0.000000 1.000000 1.000000 1.000000 1.000000
2630.214355 1.888428 3004.958984 0.000000 0.000000 0.000000 1.000000 1.000000 1.000000 1.000000
2640.702148 0.693604 2994.080322 0.000000 0.000000 0.000000 1.000000 1.000000 1.000000 1.000000
2638.192871 1.570312 2995.326416 0.000000 0.000000 0.000000 1.000000 1.000000 1.000000 1.000000
2638.162598 0.440674 3000.482422 0.000000 0.000000 0.000000 1.000000 1.000000 1.000000 1.000000
2633.092773 0.678955 3000.908936 0.000000 0.000000 0.000000 1.000000 1.000000 1.000000 1.000000
2630.073242 0.678955 2997.901855 0.000000 0.000000 0.000000 1.000000 1.000000 1.000000 1.000000
2622.026611 1.022949 2993.254639 0.000000 0.000000 0.000000 1.000000 1.000000 1.000000 1.000000
2621.934570 1.022949 2989.945068 0.000000 0.000000 0.000000 1.000000 1.000000 1.000000 1.000000
2620.103027 1.022949 2989.080566 0.000000 0.000000 0.000000 1.000000 1.000000 1.000000 1.000000
2619.864990 0.954834 2986.020752 0.000000 0.000000 0.000000 1.000000 1.000000 1.000000 1.000000
2618.174805 0.981934 2981.799561 0.000000 0.000000 0.000000 1.000000 1.000000 1.000000 1.000000
2612.630371 0.654541 2980.388916 0.000000 0.000000 0.000000 1.000000 1.000000 1.000000 1.000000
2613.093262 0.739990 2982.859619 0.000000 0.000000 0.000000 1.000000 1.000000 1.000000 1.000000
2606.030273 0.814209 2975.226318 0.000000 0.000000 0.000000 1.000000 1.000000 1.000000 1.000000
2602.849121 1.432373 2977.377441 0.000000 0.000000 0.000000 1.000000 1.000000 1.000000 1.000000
2607.426025 1.432129 2978.566650 0.000000 0.000000 0.000000 1.000000 1.000000 1.000000 1.000000
2610.813232 0.663818 2987.533936 0.000000 0.000000 0.000000 1.000000 1.000000 1.000000 1.000000
2611.171387 1.046387 2990.126465 0.000000 0.000000 0.000000 1.000000 1.000000 1.000000 1.000000
2613.684082 0.771729 2990.310791 0.000000 0.000000 0.000000 1.000000 1.000000 1.000000 1.000000
2602.088623 0.866699 2987.963379 0.000000 0.000000 0.000000 1.000000 1.000000 1.000000 1.000000
2609.531738 0.718262 2994.552002 0.000000 0.000000 0.000000 1.000000 1.000000 1.000000 1.000000
2601.123779 1.750000 2993.531738 0.000000 0.000000 0.000000 1.000000 1.000000 1.000000 1.000000
2595.461670 2.449951 2995.477051 0.000000 0.000000 0.000000 1.000000 1.000000 1.000000 1.000000
2597.028076 0.663818 2993.092773 0.000000 0.000000 0.000000 1.000000 1.000000 1.000000 1.000000
2591.239990 0.449463 2989.735352 0.000000 0.000000 0.000000 1.000000 1.000000 1.000000 1.000000
2585.572510 0.880859 2988.940674 0.000000 0.000000 0.000000 1.000000 1.000000 1.000000 1.000000
2587.962402 0.656982 2994.329590 0.000000 0.000000 0.000000 1.000000 1.000000 1.000000 1.000000
2582.401123 1.925781 2991.844971 0.000000 0.000000 0.000000 1.000000 1.000000 1.000000 1.000000
2566.802734 0.723877 3001.275391 0.000000 0.000000 0.000000 1.000000 1.000000 1.000000 1.000000
2566.640381 1.028564 2997.142090 0.000000 0.000000 0.000000 1.000000 1.000000 1.000000 1.000000
2572.244141 2.058105 2999.142090 0.000000 0.000000 0.000000 1.000000 1.000000 1.000000 1.000000
2581.032227 0.762939 3001.200684 0.000000 0.000000 0.000000 1.000000 1.000000 1.000000 1.000000
2577.906738 1.957520 3002.723877 0.000000 0.000000 0.000000 1.000000 1.000000 1.000000 1.000000
2573.697998 1.182617 3003.852051 0.000000 0.000000 0.000000 1.000000 1.000000 1.000000 1.000000
2581.423340 1.057617 3007.226074 0.000000 0.000000 0.000000 1.000000 1.000000 1.000000 1.000000
2576.819824 1.586670 3010.016846 0.000000 0.000000 0.000000 1.000000 1.000000 1.000000 1.000000
2583.660400 1.336426 3020.695068 0.000000 0.000000 0.000000 1.000000 1.000000 1.000000 1.000000
2577.834473 1.302734 3017.078125 0.000000 0.000000 0.000000 1.000000 1.000000 1.000000 1.000000
2582.530273 2.002930 3014.039062 0.000000 0.000000 0.000000 1.000000 1.000000 1.000000 1.000000
2588.223145 1.011230 3012.976318 0.000000 0.000000 0.000000 1.000000 1.000000 1.000000 1.000000
2589.192871 1.184326 3011.243164 0.000000 0.000000 0.000000 1.000000 1.000000 1.000000 1.000000
2588.200195 1.073242 3009.694336 0.000000 0.000000 0.000000 1.000000 1.000000 1.000000 1.000000
2599.188721 0.688721 3014.025879 0.000000 0.000000 0.000000 1.000000 1.000000 1.000000 1.000000
2603.516357 0.938232 3010.643799 0.000000 0.000000 0.000000 1.000000 1.000000 1.000000 1.000000
2605.091553 1.044434 3020.395508 0.000000 0.000000 0.000000 1.000000 1.000000 1.000000 1.000000
2604.670166 2.508057 3016.575195 0.000000 0.000000 0.000000 1.000000 1.000000 1.000000 1.000000
2595.077393 2.215088 3021.734131 0.000000 0.000000 0.000000 1.000000 1.000000 1.000000 1.000000
2592.264648 2.215088 3021.019043 0.000000 0.000000 0.000000 1.000000 1.000000 1.000000 1.000000
2591.400879 2.406006 3018.341553 0.000000 0.000000 0.000000 1.000000 1.000000 1.000000 1.000000
2597.055664 2.298096 3019.739502 0.000000 0.000000 0.000000 1.000000 1.000000 1.000000 1.000000
2596.171143 2.412598 3016.901123 0.000000 0.000000 0.000000 1.000000 1.000000 1.000000 1.000000
2593.406006 2.623047 3016.305420 0.000000 0.000000 0.000000 1.000000 1.000000 1.000000 1.000000
187.644180 7.036133 3628.827148 0.000000 0.000000 0.000000 1.000000 1.398315 1.398315 1.398315
2447.167480 5.992188 2429.381348 0.000000 0.000000 0.000000 1.000000 4.450073 4.450073 4.450073
4094.409668 -17.775269 1479.741211 0.000000 0.045547 0.000000 0.998962 16.156609 16.156609 16.156609
4190.327148 -17.775269 1382.323730 0.000000 0.045547 0.000000 0.998962 16.156609 16.156609 16.156609
4112.166992 -17.775269 1416.982544 0.000000 0.045547 0.000000 0.998962 16.156609 16.156609 16.156609
4064.311768 -17.775269 1420.967773 0.000000 0.045547 0.000000 0.998962 16.156609 16.156609 16.156609
4090.780029 -17.775269 1391.596436 0.000000 0.045547 0.000000 0.998962 16.156609 16.156609 16.156609
3836.769775 -17.775269 1354.391113 0.000000 0.045547 0.000000 0.998962 16.156609 16.156609 16.156609
3788.003906 -16.846069 1363.779175 0.000000 0.045547 0.000000 0.998962 16.156609 16.156609 16.156609
3756.962158 -16.846069 1479.949829 0.000000 0.045547 0.000000 0.998962 16.156609 16.156609 16.156609
3795.447021 -15.404541 1463.838013 0.000000 0.045547 0.000000 0.998962 16.156609 16.156609 16.156609
3849.124756 -17.593140 1449.697388 0.000000 0.045547 0.000000 0.998962 16.156609 16.156609 16.156609
3931.010254 -17.593140 1438.238159 0.000000 0.045547 0.000000 0.998962 16.156609 16.156609 16.156609
3976.873535 -17.593140 1404.200439 0.000000 0.045547 0.000000 0.998962 16.156609 16.156609 16.156609
3971.875732 -17.593140 1361.192871 0.000000 0.045547 0.000000 0.998962 16.156609 16.156609 16.156609
3958.993164 -14.882324 1307.972656 0.000000 0.000000 0.000000 1.000000 16.156609 16.156609 16.156609
"}
object={
	name="Vinyard 4"
	render_pass=Map
	clamp_to_water_level=no
	generated_content=no
	layer="tree_high_layer"
	entity="tree_acacia_05_entity"
	count=99
	transform="3598.293701 0.000000 5462.549805 0.000000 0.656654 0.000000 0.754192 0.564197 0.564197 0.564197
3597.422852 0.000000 5463.367188 0.000000 -0.479991 0.000000 0.877273 0.564197 0.564197 0.564197
3598.860352 0.000000 5463.326172 0.000000 0.725656 0.000000 -0.688058 0.564197 0.564197 0.564197
3597.989502 0.000000 5464.142578 0.000000 -0.939456 0.000000 -0.342669 0.564197 0.564197 0.564197
3594.070068 0.000000 5465.789551 0.000000 -0.265690 0.000000 -0.964058 0.564197 0.564197 0.564197
3593.199219 0.000000 5466.606445 0.000000 -0.414010 0.000000 0.910272 0.564197 0.564197 0.564197
3594.697998 0.000000 5466.727539 0.000000 -0.875881 0.000000 0.482527 0.564197 0.564197 0.564197
3593.827148 0.000000 5467.543945 0.000000 -0.701465 0.000000 -0.712704 0.564197 0.564197 0.564197
3599.558594 0.000000 5464.168945 0.000000 0.839769 0.000000 0.542944 0.564197 0.564197 0.564197
3598.687744 0.000000 5464.985352 0.000000 -0.594882 0.000000 0.803813 0.564197 0.564197 0.564197
3600.125488 0.000000 5464.944336 0.000000 0.725558 0.000000 -0.688161 0.564197 0.564197 0.564197
3599.254639 0.000000 5465.761719 0.000000 -0.948305 0.000000 -0.317362 0.564197 0.564197 0.564197
3595.334961 0.000000 5467.408203 0.000000 -0.238196 0.000000 -0.971217 0.564197 0.564197 0.564197
3594.464111 0.000000 5468.225586 0.000000 0.986323 0.000000 -0.164824 0.564197 0.564197 0.564197
3595.963135 0.000000 5468.345703 0.000000 0.086798 -0.000000 -0.996226 0.564197 0.564197 0.564197
3600.869629 0.000000 5465.794434 0.000000 0.488167 0.000000 0.872750 0.564197 0.564197 0.564197
3599.998779 0.000000 5466.611328 0.000000 -0.716687 0.000000 0.697394 0.564197 0.564197 0.564197
3608.969482 0.000000 5458.566406 0.000000 0.656654 0.000000 0.754192 0.564197 0.564197 0.564197
3608.098389 0.000000 5459.383789 0.000000 -0.479991 0.000000 0.877273 0.564197 0.564197 0.564197
3602.497803 0.000000 5465.812500 0.000000 0.725656 0.000000 -0.688058 0.564197 0.564197 0.564197
3601.626709 0.000000 5466.629883 0.000000 -0.939456 0.000000 -0.342669 0.564197 0.564197 0.564197
3609.535889 0.000000 5459.342773 0.000000 0.725656 0.000000 -0.688058 0.564197 0.564197 0.564197
3608.665283 0.000000 5460.159180 0.000000 -0.939456 0.000000 -0.342669 0.564197 0.564197 0.564197
3604.745850 0.000000 5461.806152 0.000000 -0.265690 0.000000 -0.964058 0.564197 0.564197 0.564197
3603.874756 0.000000 5462.623047 0.000000 -0.414010 0.000000 0.910272 0.564197 0.564197 0.564197
3605.373779 0.000000 5462.744141 0.000000 -0.875881 0.000000 0.482527 0.564197 0.564197 0.564197
3604.502686 0.000000 5463.560547 0.000000 -0.701465 0.000000 -0.712704 0.564197 0.564197 0.564197
3610.234131 0.000000 5460.185547 0.000000 0.839769 0.000000 0.542944 0.564197 0.564197 0.564197
3609.363525 0.000000 5461.001953 0.000000 -0.594882 0.000000 0.803813 0.564197 0.564197 0.564197
3610.801025 0.000000 5460.960938 0.000000 0.725558 0.000000 -0.688161 0.564197 0.564197 0.564197
3609.930420 0.000000 5461.778320 0.000000 -0.948305 0.000000 -0.317362 0.564197 0.564197 0.564197
3606.010498 0.000000 5463.424805 0.000000 -0.238196 0.000000 -0.971217 0.564197 0.564197 0.564197
3605.139893 0.000000 5464.242188 0.000000 0.986323 0.000000 -0.164824 0.564197 0.564197 0.564197
3606.638916 0.000000 5464.362305 0.000000 0.086798 -0.000000 -0.996226 0.564197 0.564197 0.564197
3605.767822 0.000000 5465.179688 0.000000 -0.444115 0.000000 -0.895970 0.564197 0.564197 0.564197
3612.111572 0.000000 5462.771973 0.000000 -0.306767 0.000000 0.951784 0.564197 0.564197 0.564197
3611.240967 0.000000 5463.588867 0.000000 0.703170 0.000000 0.711021 0.564197 0.564197 0.564197
3611.545166 0.000000 5461.811035 0.000000 0.488167 0.000000 0.872750 0.564197 0.564197 0.564197
3610.674561 0.000000 5462.627930 0.000000 -0.716687 0.000000 0.697394 0.564197 0.564197 0.564197
3607.321533 0.000000 5465.050781 0.000000 0.728937 0.000000 -0.684581 0.564197 0.564197 0.564197
3606.450928 0.000000 5465.868164 0.000000 0.981089 0.000000 -0.193557 0.564197 0.564197 0.564197
3570.147705 0.000000 5474.611328 0.000000 0.656654 0.000000 0.754192 0.564197 0.564197 0.564197
3569.276611 0.000000 5475.428711 0.000000 -0.479991 0.000000 0.877273 0.564197 0.564197 0.564197
3565.924072 0.000000 5477.851562 0.000000 -0.265690 0.000000 -0.964058 0.564197 0.564197 0.564197
3565.052979 0.000000 5478.668945 0.000000 -0.414010 0.000000 0.910272 0.564197 0.564197 0.564197
3590.096436 0.000000 5464.926758 0.000000 -0.923918 0.000000 0.382591 0.564197 0.564197 0.564197
3591.941650 0.000000 5464.721680 0.000000 0.345578 0.000000 0.938390 0.564197 0.564197 0.564197
3593.440674 0.000000 5464.842285 0.000000 -0.274161 0.000000 -0.961684 0.564197 0.564197 0.564197
3592.569824 0.000000 5465.659180 0.000000 0.400232 -0.000000 -0.916414 0.564197 0.564197 0.564197
3566.311768 0.000000 5469.707031 0.000000 0.823466 0.000000 -0.567366 0.564197 0.564197 0.564197
3565.440918 0.000000 5470.524414 0.000000 -0.231159 0.000000 0.972916 0.564197 0.564197 0.564197
3566.878662 0.000000 5470.483398 0.000000 -0.120836 0.000000 0.992673 0.564197 0.564197 0.564197
3566.007568 0.000000 5471.300781 0.000000 0.102971 0.000000 -0.994684 0.564197 0.564197 0.564197
3562.088135 0.000000 5472.947266 0.000000 0.938849 -0.000000 -0.344329 0.564197 0.564197 0.564197
3561.217285 0.000000 5473.763672 0.000000 0.826524 0.000000 0.562902 0.564197 0.564197 0.564197
3562.716064 0.000000 5473.884766 0.000000 0.155078 -0.000000 -0.987902 0.564197 0.564197 0.564197
3561.845459 0.000000 5474.702148 0.000000 0.971637 0.000000 0.236478 0.564197 0.564197 0.564197
3567.576904 0.000000 5471.326172 0.000000 -0.423330 0.000000 0.905976 0.564197 0.564197 0.564197
3566.705811 0.000000 5472.143555 0.000000 -0.449105 0.000000 0.893479 0.564197 0.564197 0.564197
3568.143555 0.000000 5472.102539 0.000000 -0.569617 -0.000000 -0.821910 0.564197 0.564197 0.564197
3567.272705 0.000000 5472.918945 -0.000000 -0.259566 0.000000 0.965725 0.564197 0.564197 0.564197
3563.353271 0.000000 5474.565430 0.000000 0.999992 0.000000 -0.003852 0.564197 0.564197 0.564197
3562.482178 0.000000 5475.382812 0.000000 0.649107 0.000000 0.760697 0.564197 0.564197 0.564197
3563.981201 0.000000 5475.503906 0.000000 -0.947816 0.000000 0.318818 0.564197 0.564197 0.564197
3563.110352 0.000000 5476.320312 0.000000 0.524190 0.000000 -0.851601 0.564197 0.564197 0.564197
3568.887939 0.000000 5472.952148 0.000000 0.309196 0.000000 -0.950998 0.564197 0.564197 0.564197
3568.016846 0.000000 5473.768555 0.000000 0.822848 0.000000 -0.568261 0.564197 0.564197 0.564197
3569.454590 0.000000 5473.728516 0.000000 -0.790337 0.000000 -0.612672 0.564197 0.564197 0.564197
3568.583740 0.000000 5474.544922 0.000000 0.365446 0.000000 -0.930833 0.564197 0.564197 0.564197
3564.664307 0.000000 5476.191406 0.000000 -0.488867 0.000000 0.872358 0.564197 0.564197 0.564197
3563.793213 0.000000 5477.008789 0.000000 0.345578 0.000000 0.938390 0.564197 0.564197 0.564197
3565.292236 0.000000 5477.129883 0.000000 -0.274161 0.000000 -0.961684 0.564197 0.564197 0.564197
3564.421387 0.000000 5477.946289 0.000000 0.400232 -0.000000 -0.916414 0.564197 0.564197 0.564197
3602.617432 0.000000 5460.738281 0.000000 0.345578 0.000000 0.938390 0.564197 0.564197 0.564197
3604.116455 0.000000 5460.858887 0.000000 -0.274161 0.000000 -0.961684 0.564197 0.564197 0.564197
3603.245361 0.000000 5461.675781 0.000000 0.400232 -0.000000 -0.916414 0.564197 0.564197 0.564197
3575.369873 0.000000 5462.494141 0.000000 -0.220082 0.000000 0.975481 0.564197 0.564197 0.564197
3574.499268 0.000000 5463.310547 0.000000 -0.478238 0.000000 0.878230 0.564197 0.564197 0.564197
3575.936768 0.000000 5463.269531 0.000000 -0.096256 0.000000 0.995357 0.564197 0.564197 0.564197
3575.065674 0.000000 5464.086914 -0.000000 -0.449670 0.000000 0.893195 0.564197 0.564197 0.564197
3571.146240 0.000000 5465.733398 0.000000 -0.959484 0.000000 0.281763 0.564197 0.564197 0.564197
3570.275635 0.000000 5466.550781 0.000000 0.825056 0.000000 0.565050 0.564197 0.564197 0.564197
3571.774170 0.000000 5466.670898 0.000000 -0.991123 0.000000 0.132945 0.564197 0.564197 0.564197
3570.903564 0.000000 5467.488281 0.000000 -0.954070 0.000000 0.299583 0.564197 0.564197 0.564197
3576.635010 0.000000 5464.112305 0.000000 0.947898 0.000000 -0.318574 0.564197 0.564197 0.564197
3575.763916 0.000000 5464.929688 0.000000 0.574652 0.000000 0.818398 0.564197 0.564197 0.564197
3577.201904 0.000000 5464.888672 0.000000 -0.475450 0.000000 0.879743 0.564197 0.564197 0.564197
3576.330811 0.000000 5465.706055 0.000000 -0.713645 0.000000 -0.700508 0.564197 0.564197 0.564197
3571.540283 0.000000 5468.168945 0.000000 0.322004 0.000000 0.946738 0.564197 0.564197 0.564197
3573.039307 0.000000 5468.290039 0.000000 -0.603377 0.000000 0.797456 0.564197 0.564197 0.564197
3572.168701 0.000000 5469.107422 0.000000 0.287280 0.000000 0.957847 0.564197 0.564197 0.564197
3577.946045 0.000000 5465.738281 0.000000 0.334000 0.000000 -0.942573 0.564197 0.564197 0.564197
3577.074951 0.000000 5466.555664 0.000000 0.003328 0.000000 0.999994 0.564197 0.564197 0.564197
3578.512939 0.000000 5466.514648 0.000000 -0.413199 0.000000 -0.910641 0.564197 0.564197 0.564197
3577.641846 0.000000 5467.331055 0.000000 0.765342 0.000000 -0.643624 0.564197 0.564197 0.564197
3573.722412 0.000000 5468.978516 0.000000 0.997455 0.000000 0.071292 0.564197 0.564197 0.564197
3572.851318 0.000000 5469.794922 0.000000 -0.396283 -0.000000 -0.918128 0.564197 0.564197 0.564197
3574.350342 0.000000 5469.916016 0.000000 -0.701172 0.000000 -0.712992 0.564197 0.564197 0.564197
3573.479736 0.000000 5470.732422 0.000000 -0.831211 0.000000 0.555957 0.564197 0.564197 0.564197
"}
